  %%%%%%%%%%%%%%%%%%%%%%%%%%%%%%%%%%%%%
  n_e0=1.80307^19/m^3
  %%%%%%%%%%%%%%%%%%%%%%%%%%%%%%%%%%%%%
   0.000005295760420   1.000000000000000
   0.005295760420000   0.999980368000000
   0.010588943200000   0.999921512000000
   0.015879688000000   0.999823485000000
   0.021167828500000   0.999686346000000
   0.026453278300000   0.999510157000000
   0.031736451300000   0.999294958000000
   0.037017470000000   0.999040795000000
   0.042296242800000   0.998747719000000
   0.047572909300000   0.998415773000000
   0.052847627700000   0.998044990000000
   0.058120312300000   0.997635421000000
   0.063390372000000   0.997187163000000
   0.068657716200000   0.996700283000000
   0.073922096400000   0.996174867000000
   0.079183155100000   0.995611020000000
   0.084440035400000   0.995008916000000
   0.089693202300000   0.994368591000000
   0.094942739000000   0.993690113000000
   0.100188695000000   0.992973558000000
   0.105430996000000   0.992219014000000
   0.110670305000000   0.991426459000000
   0.115906759000000   0.990595936000000
   0.121140206000000   0.989727535000000
   0.126370318000000   0.988821380000000
   0.131597152000000   0.987877533000000
   0.136820409000000   0.986896123000000
   0.142039520000000   0.985877342000000
   0.147254124000000   0.984821356000000
   0.152464485000000   0.983728206000000
   0.157670561000000   0.982597996000000
   0.162872081000000   0.981430880000000
   0.168069057000000   0.980226955000000
   0.173261972000000   0.978986202000000
   0.178450909000000   0.977708691000000
   0.183635686000000   0.976394554000000
   0.188816250000000   0.975043897000000
   0.193993081000000   0.973656679000000
   0.199166310000000   0.972232947000000
   0.204335950000000   0.970772774000000
   0.209501980000000   0.969276244000000
   0.214664952000000   0.967743271000000
   0.219824980000000   0.966173885000000
   0.224982051000000   0.964568154000000
   0.230135747000000   0.962926276000000
   0.235286356000000   0.961248231000000
   0.240433741000000   0.959534131000000
   0.245577787000000   0.957784085000000
   0.250717951000000   0.955998356000000
   0.255854711000000   0.954176857000000
   0.260988191000000   0.952319615000000
   0.266118481000000   0.950426668000000
   0.271245342000000   0.948498175000000
   0.276368928000000   0.946534151000000
   0.281489345000000   0.944534624000000
   0.286606466000000   0.942499714000000
   0.291719954000000   0.940429628000000
   0.296829443000000   0.938324597000000
   0.301935246000000   0.936184575000000
   0.307037353000000   0.934009645000000
   0.312135787000000   0.931799875000000
   0.317230044000000   0.929555570000000
   0.322320597000000   0.927276603000000
   0.327407379000000   0.924963085000000
   0.332490203000000   0.922615186000000
   0.337568422000000   0.920233292000000
   0.342641595000000   0.917817716000000
   0.347709629000000   0.915368610000000
   0.352772081000000   0.912886301000000
   0.357828444000000   0.910371163000000
   0.362877070000000   0.907824162000000
   0.367918107000000   0.905245387000000
   0.372950463000000   0.902635567000000
   0.377972577000000   0.899995712000000
   0.382980939000000   0.897327920000000
   0.387971293000000   0.894634793000000
   0.392938813000000   0.891919362000000
   0.397874349000000   0.889187202000000
   0.402761771000000   0.886448069000000
   0.407556424000000   0.883728433000000
   0.412201217000000   0.881063109000000
   0.416563607000000   0.878532333000000
   0.420306740000000   0.876339571000000
   0.422981257000000   0.874760799000000
   0.424435890000000   0.873897922000000
   0.425266204000000   0.873404059000000
   0.425706590000000   0.873141730000000
   0.425986149000000   0.872975061000000
   0.426179392000000   0.872859788000000
   0.426322555000000   0.872774356000000
   0.426433340000000   0.872708225000000
   0.426523642000000   0.872654308000000
   0.426599503000000   0.872609005000000
   0.426665608000000   0.872569521000000
   0.426724615000000   0.872534272000000
   0.426778631000000   0.872502000000000
   0.426829155000000   0.872471811000000
   0.426876700000000   0.872443398000000
   0.426923175000000   0.872415622000000
   0.426969277000000   0.872388065000000
   0.427015481000000   0.872360445000000
   0.427063424000000   0.872331782000000
   0.427113647000000   0.872301753000000
   0.427167183000000   0.872269738000000
   0.427225648000000   0.872234772000000
   0.427291259000000   0.872195526000000
   0.427366772000000   0.872150350000000
   0.427455376000000   0.872097331000000
   0.427567840000000   0.872030019000000
   0.427719940000000   0.871938957000000
   0.427907671000000   0.871826517000000
   0.428184678000000   0.871660517000000
   0.428614855000000   0.871402514000000
   0.429369757000000   0.870949128000000
   0.430884525000000   0.870036969000000
   0.433452843000000   0.868483043000000
   0.437160416000000   0.866223540000000
   0.441454820000000   0.863582349000000
   0.446063783000000   0.860718971000000
   0.450823607000000   0.857730653000000
   0.455653815000000   0.854665721000000
   0.460523996000000   0.851542354000000
   0.465416962000000   0.848370936000000
   0.470323156000000   0.845157290000000
   0.475234317000000   0.841906641000000
   0.480146324000000   0.838621655000000
   0.485056325000000   0.835304253000000
   0.489962166000000   0.831955953000000
   0.494861397000000   0.828578539000000
   0.499752974000000   0.825172876000000
   0.504636007000000   0.821739750000000
   0.509509578000000   0.818279993000000
   0.514372885000000   0.814794375000000
   0.519224948000000   0.811283817000000
   0.524064114000000   0.807749763000000
   0.528890964000000   0.804192044000000
   0.533704961000000   0.800611310000000
   0.538505599000000   0.797008204000000
   0.543292397000000   0.793383360000000
   0.548064894000000   0.789737410000000
   0.552821144000000   0.786072148000000
   0.557561981000000   0.782387246000000
   0.562287205000000   0.778683169000000
   0.566996429000000   0.774960535000000
   0.571689280000000   0.771219957000000
   0.576365395000000   0.767462052000000
   0.581024421000000   0.763687436000000
   0.585665465000000   0.759897174000000
   0.590287606000000   0.756092379000000
   0.594891644000000   0.752272752000000
   0.599477266000000   0.748438905000000
   0.604044164000000   0.744591453000000
   0.608592040000000   0.740731010000000
   0.613120603000000   0.736858188000000
   0.617629566000000   0.732973604000000
   0.622118649000000   0.729077870000000
   0.626587578000000   0.725171605000000
   0.631036082000000   0.721255424000000
   0.635463293000000   0.717330482000000
   0.639868971000000   0.713397390000000
   0.644253482000000   0.709456216000000
   0.648616572000000   0.705507580000000
   0.652957986000000   0.701552108000000
   0.657277463000000   0.697590436000000
   0.661574739000000   0.693623205000000
   0.665849539000000   0.689651074000000
   0.670101578000000   0.685674713000000
   0.674330548000000   0.681694819000000
   0.678536114000000   0.677712120000000
   0.682717905000000   0.673727383000000
   0.686875501000000   0.669741432000000
   0.691008405000000   0.665755169000000
   0.695116024000000   0.661769599000000
   0.699197627000000   0.657785875000000
   0.703252281000000   0.653805360000000
   0.707278771000000   0.649829718000000
   0.711275451000000   0.645861063000000
   0.715240026000000   0.641902194000000
   0.719169191000000   0.637956972000000
   0.723057966000000   0.634031024000000
   0.726898525000000   0.630132974000000
   0.730678001000000   0.626276761000000
   0.734373565000000   0.622486827000000
   0.737943410000000   0.618807667000000
   0.741301925000000   0.615330019000000
   0.744284300000000   0.612228617000000
   0.746629813000000   0.609780746000000
   0.748249728000000   0.608085641000000
   0.749134460000000   0.607158293000000
   0.749655451000000   0.606611693000000
   0.750034656000000   0.606213611000000
   0.750256271000000   0.605980869000000
   0.750415537000000   0.605813565000000
   0.750536628000000   0.605686339000000
   0.750631415000000   0.605586735000000
   0.750709862000000   0.605504292000000
   0.750774328000000   0.605436535000000
   0.750830054000000   0.605377961000000
   0.750879159000000   0.605326342000000
   0.750922606000000   0.605280668000000
   0.750961548000000   0.605239728000000
   0.750997996000000   0.605201407000000
   0.751032005000000   0.605165649000000
   0.751063612000000   0.605132416000000
   0.751094561000000   0.605099873000000
   0.751123685000000   0.605069247000000
   0.751152710000000   0.605038724000000
   0.751181112000000   0.605008855000000
   0.751209601000000   0.604978895000000
   0.751238429000000   0.604948576000000
   0.751267724000000   0.604917765000000
   0.751298124000000   0.604885790000000
   0.751329856000000   0.604852414000000
   0.751362973000000   0.604817578000000
   0.751399294000000   0.604779371000000
   0.751437987000000   0.604738667000000
   0.751480163000000   0.604694295000000
   0.751528233000000   0.604643720000000
   0.751582746000000   0.604586364000000
   0.751645836000000   0.604519976000000
   0.751721798000000   0.604440037000000
   0.751813026000000   0.604344022000000
   0.751928963000000   0.604221984000000
   0.752080132000000   0.604062832000000
   0.752288394000000   0.603843521000000
   0.752604295000000   0.603510743000000
   0.753118377000000   0.602968898000000
   0.753908410000000   0.602135477000000
   0.755326226000000   0.600637605000000
   0.757487612000000   0.598348762000000
   0.760274927000000   0.595387425000000
   0.763436661000000   0.592015125000000
   0.766793753000000   0.588419138000000
   0.770248050000000   0.584702559000000
   0.773749846000000   0.580917824000000
   0.777272571000000   0.577093145000000
   0.780801216000000   0.573244623000000
   0.784326788000000   0.569382043000000
   0.787842937000000   0.565512455000000
   0.791344084000000   0.561642178000000
   0.794829195000000   0.557772586000000
   0.798296632000000   0.553905741000000
   0.801745109000000   0.550043346000000
   0.805173573000000   0.546186862000000
   0.808581116000000   0.542337605000000
   0.811963168000000   0.538501069000000
   0.815319505000000   0.534677873000000
   0.818651095000000   0.530867270000000
   0.821956598000000   0.527071146000000
   0.825234369000000   0.523291765000000
   0.828481434000000   0.519532959000000
   0.831683889000000   0.515811336000000
   0.834843701000000   0.512125197000000
   0.837951074000000   0.508486599000000
   0.840991688000000   0.504913087000000
   0.843944193000000   0.501430739000000
   0.846706618000000   0.498161532000000
   0.849201061000000   0.495200290000000
   0.851290333000000   0.492713338000000
   0.852876007000000   0.490821762000000
   0.853828518000000   0.489683804000000
   0.854414509000000   0.488983092000000
   0.854840412000000   0.488473508000000
   0.855089337000000   0.488175559000000
   0.855265698000000   0.487964410000000
   0.855397650000000   0.487806403000000
   0.855500110000000   0.487683693000000
   0.855582690000000   0.487584783000000
   0.855650075000000   0.487504065000000
   0.855707172000000   0.487435665000000
   0.855756271000000   0.487376843000000
   0.855799454000000   0.487325106000000
   0.855838078000000   0.487278829000000
   0.855871502000000   0.487238781000000
   0.855903095000000   0.487200924000000
   0.855931515000000   0.487166870000000
   0.855958397000000   0.487134656000000
   0.855983240000000   0.487104884000000
   0.856007371000000   0.487075967000000
   0.856029666000000   0.487049248000000
   0.856051961000000   0.487022528000000
   0.856072916000000   0.486997414000000
   0.856093694000000   0.486972510000000
   0.856114322000000   0.486947787000000
   0.856134619000000   0.486923460000000
   0.856154916000000   0.486899132000000
   0.856175591000000   0.486874350000000
   0.856196442000000   0.486849357000000
   0.856217483000000   0.486824135000000
   0.856239921000000   0.486797238000000
   0.856262359000000   0.486770340000000
   0.856286734000000   0.486741121000000
   0.856311790000000   0.486711083000000
   0.856339060000000   0.486678390000000
   0.856367759000000   0.486643983000000
   0.856399936000000   0.486605404000000
   0.856434119000000   0.486564420000000
   0.856473144000000   0.486517627000000
   0.856517345000000   0.486464626000000
   0.856567679000000   0.486404268000000
   0.856626234000000   0.486334047000000
   0.856695294000000   0.486251221000000
   0.856781207000000   0.486148174000000
   0.856887662000000   0.486020474000000
   0.857025041000000   0.485855655000000
   0.857210472000000   0.485633144000000
   0.857471620000000   0.485319695000000
   0.857934497000000   0.484763879000000
   0.858557607000000   0.484015184000000
   0.859559608000000   0.482810096000000
   0.861137542000000   0.480909494000000
   0.863251885000000   0.478357328000000
   0.865706681000000   0.475386360000000
   0.868345883000000   0.472182799000000
   0.871092110000000   0.468838975000000
   0.873900803000000   0.465408170000000
   0.876738659000000   0.461930527000000
   0.879580555000000   0.458436632000000
   0.882421120000000   0.454933077000000
   0.885251414000000   0.451430954000000
   0.888061514000000   0.447942723000000
   0.890852453000000   0.444467335000000
   0.893622568000000   0.441007095000000
   0.896345787000000   0.437594961000000
   0.899028934000000   0.434222883000000
   0.901666592000000   0.430898150000000
   0.904218951000000   0.427671662000000
   0.906637434000000   0.424605994000000
   0.908894054000000   0.421738119000000
   0.910910116000000   0.419169933000000
   0.912489934000000   0.417153484000000
   0.913579133000000   0.415761217000000
   0.914281895000000   0.414862032000000
   0.914742749000000   0.414271992000000
   0.915083592000000   0.413835414000000
   0.915289465000000   0.413571637000000
   0.915440761000000   0.413377749000000
   0.915556648000000   0.413229217000000
   0.915647719000000   0.413112478000000
   0.915722543000000   0.413016556000000
   0.915783901000000   0.412937893000000
   0.915836043000000   0.412871040000000
   0.915881315000000   0.412812991000000
   0.915919806000000   0.412763636000000
   0.915954429000000   0.412719239000000
   0.915986679000000   0.412677883000000
   0.916013874000000   0.412643008000000
   0.916040752000000   0.412608539000000
   0.916063698000000   0.412579110000000
   0.916086645000000   0.412549681000000
   0.916107067000000   0.412523490000000
   0.916126782000000   0.412498204000000
   0.916146202000000   0.412473295000000
   0.916163642000000   0.412450927000000
   0.916181082000000   0.412428558000000
   0.916198348000000   0.412406410000000
   0.916214474000000   0.412385727000000
   0.916230599000000   0.412365043000000
   0.916246724000000   0.412344358000000
   0.916262537000000   0.412324074000000
   0.916278311000000   0.412303840000000
   0.916294085000000   0.412283605000000
   0.916310211000000   0.412262918000000
   0.916326597000000   0.412241897000000
   0.916342983000000   0.412220876000000
   0.916359975000000   0.412199078000000
   0.916377935000000   0.412176036000000
   0.916395895000000   0.412152994000000
   0.916415055000000   0.412128413000000
   0.916435547000000   0.412102121000000
   0.916456040000000   0.412075829000000
   0.916479746000000   0.412045412000000
   0.916503723000000   0.412014648000000
   0.916530985000000   0.411979667000000
   0.916559390000000   0.411943219000000
   0.916592629000000   0.411900567000000
   0.916628616000000   0.411854386000000
   0.916669014000000   0.411802544000000
   0.916716260000000   0.411741909000000
   0.916771119000000   0.411671501000000
   0.916837184000000   0.411586705000000
   0.916916392000000   0.411485031000000
   0.917014942000000   0.411358518000000
   0.917140213000000   0.411197680000000
   0.917306830000000   0.410983725000000
   0.917535979000000   0.410689409000000
   0.917948621000000   0.410159231000000
   0.918433131000000   0.409536408000000
   0.919235216000000   0.408504633000000
   0.920493578000000   0.406884101000000
   0.922129436000000   0.404774113000000
   0.924068628000000   0.402268019000000
   0.926271432000000   0.399414864000000
   0.928560527000000   0.396442744000000
   0.930901853000000   0.393395218000000
   0.933279161000000   0.390293006000000
   0.935651909000000   0.387188854000000
   0.938019013000000   0.384084232000000
   0.940343877000000   0.381027375000000
   0.942623202000000   0.378023049000000
   0.944856392000000   0.375072479000000
   0.946929784000000   0.372326789000000
   0.948861136000000   0.369763782000000
   0.950599440000000   0.367452493000000
   0.951870597000000   0.365759656000000
   0.952879997000000   0.364413798000000
   0.953498240000000   0.363588774000000
   0.953905298000000   0.363045278000000
   0.954188331000000   0.362667240000000
   0.954381090000000   0.362409715000000
   0.954526521000000   0.362215385000000
   0.954642490000000   0.362060401000000
   0.954734913000000   0.361936873000000
   0.954797459000000   0.361853269000000
   0.954860004000000   0.361769660000000
   0.954922550000000   0.361686046000000
   0.954972532000000   0.361619224000000
   0.955009008000000   0.361570456000000
   0.955045484000000   0.361521687000000
   0.955073928000000   0.361483654000000
   0.955101810000000   0.361446372000000
   0.955125233000000   0.361415053000000
   0.955147779000000   0.361384904000000
   0.955169321000000   0.361356098000000
   0.955187687000000   0.361331538000000
   0.955206053000000   0.361306977000000
   0.955224256000000   0.361282635000000
   0.955239609000000   0.361262102000000
   0.955254963000000   0.361241569000000
   0.955270316000000   0.361221036000000
   0.955285224000000   0.361201099000000
   0.955298740000000   0.361183022000000
   0.955312257000000   0.361164944000000
   0.955325774000000   0.361146866000000
   0.955339290000000   0.361128788000000
   0.955352208000000   0.361111511000000
   0.955365068000000   0.361094310000000
   0.955377929000000   0.361077109000000
   0.955390790000000   0.361059907000000
   0.955403841000000   0.361042450000000
   0.955417228000000   0.361024544000000
   0.955430615000000   0.361006638000000
   0.955444002000000   0.360988732000000
   0.955457389000000   0.360970825000000
   0.955472468000000   0.360950654000000
   0.955487560000000   0.360930465000000
   0.955502653000000   0.360910276000000
   0.955518076000000   0.360889644000000
   0.955536049000000   0.360865601000000
   0.955554022000000   0.360841558000000
   0.955571995000000   0.360817514000000
   0.955593441000000   0.360788823000000
   0.955615459000000   0.360759367000000
   0.955638521000000   0.360728512000000
   0.955665735000000   0.360692103000000
   0.955693270000000   0.360655262000000
   0.955726816000000   0.360610378000000
   0.955762643000000   0.360562439000000
   0.955803637000000   0.360507585000000
   0.955852138000000   0.360442683000000
   0.955908378000000   0.360367422000000
   0.955975065000000   0.360278173000000
   0.956056912000000   0.360168626000000
   0.956158187000000   0.360033065000000
   0.956289208000000   0.359857665000000
   0.956461896000000   0.359626450000000
   0.956699291000000   0.359308527000000
   0.957038148000000   0.358854588000000
   0.957542733000000   0.358178340000000
   0.958411090000000   0.357013727000000
   0.959492842000000   0.355561441000000
   0.960927878000000   0.353632329000000
   0.962666418000000   0.351291357000000
   0.964540108000000   0.348763666000000
   0.966485709000000   0.346133762000000
   0.968488341000000   0.343421233000000
   0.970476992000000   0.340722085000000
   0.972441708000000   0.338049987000000
   0.974312557000000   0.335500529000000
   0.976128212000000   0.333021600000000
   0.977681591000000   0.330897095000000
   0.979002867000000   0.329087371000000
   0.980106102000000   0.327574421000000
   0.980804802000000   0.326615359000000
   0.981283568000000   0.325957791000000
   0.981606870000000   0.325513566000000
   0.981846795000000   0.325183810000000
   0.982002274000000   0.324970074000000
   0.982145295000000   0.324773434000000
   0.982226980000000   0.324661111000000
   0.982308666000000   0.324548779000000
   0.982390352000000   0.324436438000000
   0.982453267000000   0.324349905000000
   0.982498120000000   0.324288211000000
   0.982542940000000   0.324226560000000
   0.982576406000000   0.324180524000000
   0.982607761000000   0.324137391000000
   0.982634910000000   0.324100043000000
   0.982660589000000   0.324064717000000
   0.982682433000000   0.324034665000000
   0.982704276000000   0.324004614000000
   0.982723037000000   0.323978803000000
   0.982740602000000   0.323954637000000
   0.982758167000000   0.323930470000000
   0.982773978000000   0.323908715000000
   0.982788303000000   0.323889005000000
   0.982802629000000   0.323869295000000
   0.982816954000000   0.323849585000000
   0.982829870000000   0.323831812000000
   0.982842004000000   0.323815117000000
   0.982854138000000   0.323798421000000
   0.982866271000000   0.323781725000000
   0.982878359000000   0.323765091000000
   0.982889356000000   0.323749960000000
   0.982900353000000   0.323734828000000
   0.982911349000000   0.323719696000000
   0.982922346000000   0.323704563000000
   0.982933342000000   0.323689431000000
   0.982944262000000   0.323674404000000
   0.982955179000000   0.323659382000000
   0.982966095000000   0.323644359000000
   0.982977012000000   0.323629336000000
   0.982987928000000   0.323614313000000
   0.982999671000000   0.323598152000000
   0.983011565000000   0.323581784000000
   0.983023458000000   0.323565417000000
   0.983035351000000   0.323549049000000
   0.983047550000000   0.323532260000000
   0.983061473000000   0.323513098000000
   0.983075396000000   0.323493936000000
   0.983089319000000   0.323474774000000
   0.983103671000000   0.323455020000000
   0.983120670000000   0.323431624000000
   0.983137669000000   0.323408227000000
   0.983154667000000   0.323384830000000
   0.983175178000000   0.323356598000000
   0.983196289000000   0.323327540000000
   0.983218471000000   0.323297006000000
   0.983244716000000   0.323260879000000
   0.983271459000000   0.323224067000000
   0.983303844000000   0.323179485000000
   0.983338772000000   0.323131401000000
   0.983378287000000   0.323077001000000
   0.983425436000000   0.323012088000000
   0.983480005000000   0.322936956000000
   0.983544452000000   0.322848217000000
   0.983623916000000   0.322738795000000
   0.983721151000000   0.322604887000000
   0.983845876000000   0.322433104000000
   0.984008476000000   0.322209124000000
   0.984228467000000   0.321906027000000
   0.984536481000000   0.321481542000000
   0.984979725000000   0.320870459000000
   0.985754222000000   0.319802030000000
   0.986633825000000   0.318587586000000
   0.987819527000000   0.316948807000000
   0.989280945000000   0.314926248000000
   0.990781428000000   0.312846514000000
   0.992342427000000   0.310679556000000
   0.993817991000000   0.308628061000000
   0.995239822000000   0.306648388000000
   0.996339864000000   0.305114813000000
   0.997267186000000   0.303820711000000
   0.997918492000000   0.302911078000000
   0.998354358000000   0.302302003000000
   0.998661687000000   0.301872384000000
   0.998883912000000   0.301561651000000
   0.999049334000000   0.301330300000000
   0.999175616000000   0.301153662000000
   0.999275532000000   0.301013888000000
   0.999357351000000   0.300899419000000
   0.999424882000000   0.300804934000000
   0.999479170000000   0.300728972000000
   0.999530630000000   0.300656964000000
   0.999568670000000   0.300603732000000
   0.999606709000000   0.300550499000000
   0.999638863000000   0.300505500000000
   0.999665958000000   0.300467581000000
   0.999693053000000   0.300429660000000
   0.999719558000000   0.300392563000000
   0.999738366000000   0.300366239000000
   0.999757174000000   0.300339914000000
   0.999775983000000   0.300313589000000
   0.999794791000000   0.300287264000000
   0.999813169000000   0.300261538000000
   0.999826415000000   0.300242998000000
   0.999839661000000   0.300224457000000
   0.999852907000000   0.300205915000000
   0.999866153000000   0.300187374000000
   0.999879399000000   0.300168832000000
   0.999892644000000   0.300150290000000
   0.999905890000000   0.300131747000000
   0.999916381000000   0.300117061000000
   0.999926834000000   0.300102429000000
   0.999937286000000   0.300087797000000
   0.999947738000000   0.300073164000000
   0.999958191000000   0.300058532000000
   0.999968643000000   0.300043899000000
   0.999979095000000   0.300029266000000
   0.999989548000000   0.300014633000000
   1.000000000000000   0.300000000000000