   %%%%%%%%%%%%%%%%%%%%%%%%%%%%%%%%%%%%
   p0=10.4082*10^3pa
   %%%%%%%%%%%%%%%%%%%%%%%%%%%%%%%%%%%%
   0.000005295760420   0.008308683220000
   0.005295760420000   0.008308174260000
   0.010588943200000   0.008306648410000
   0.015879688000000   0.008304107110000
   0.021167828500000   0.008300551850000
   0.026453278300000   0.008295984130000
   0.031736451300000   0.008290404900000
   0.037017470000000   0.008283815140000
   0.042296242800000   0.008276216070000
   0.047572909300000   0.008267608560000
   0.052847627700000   0.008257993340000
   0.058120312300000   0.008247371550000
   0.063390372000000   0.008235745580000
   0.068657716200000   0.008223117080000
   0.073922096400000   0.008209488210000
   0.079183155100000   0.008194861710000
   0.084440035400000   0.008179242180000
   0.089693202300000   0.008162630660000
   0.094942739000000   0.008145029200000
   0.100188695000000   0.008126440050000
   0.105430996000000   0.008106865950000
   0.110670305000000   0.008086306870000
   0.115906759000000   0.008064764600000
   0.121140206000000   0.008042242220000
   0.126370318000000   0.008018743870000
   0.131597152000000   0.007994272280000
   0.136820409000000   0.007968832050000
   0.142039520000000   0.007942429630000
   0.147254124000000   0.007915070950000
   0.152464485000000   0.007886759010000
   0.157670561000000   0.007857498590000
   0.162872081000000   0.007827296080000
   0.168069057000000   0.007796156650000
   0.173261972000000   0.007764082780000
   0.178450909000000   0.007731079460000
   0.183635686000000   0.007697153700000
   0.188816250000000   0.007662312070000
   0.193993081000000   0.007626557780000
   0.199166310000000   0.007589896550000
   0.204335950000000   0.007552335220000
   0.209501980000000   0.007513881280000
   0.214664952000000   0.007474538160000
   0.219824980000000   0.007434312810000
   0.224982051000000   0.007393213510000
   0.230135747000000   0.007351252330000
   0.235286356000000   0.007308436120000
   0.240433741000000   0.007264775650000
   0.245577787000000   0.007220281990000
   0.250717951000000   0.007174970630000
   0.255854711000000   0.007128848580000
   0.260988191000000   0.007081926330000
   0.266118481000000   0.007034215060000
   0.271245342000000   0.006985729520000
   0.276368928000000   0.006936481340000
   0.281489345000000   0.006886483010000
   0.286606466000000   0.006835749790000
   0.291719954000000   0.006784299650000
   0.296829443000000   0.006732151580000
   0.301935246000000   0.006679318190000
   0.307037353000000   0.006625815830000
   0.312135787000000   0.006571661030000
   0.317230044000000   0.006516876490000
   0.322320597000000   0.006461474930000
   0.327407379000000   0.006405475350000
   0.332490203000000   0.006348898630000
   0.337568422000000   0.006291771350000
   0.342641595000000   0.006234118530000
   0.347709629000000   0.006175961770000
   0.352772081000000   0.006117327270000
   0.357828444000000   0.006058242540000
   0.362877070000000   0.005998749130000
   0.367918107000000   0.005938868170000
   0.372950463000000   0.005878635890000
   0.377972577000000   0.005818094860000
   0.382980939000000   0.005757312110000
   0.387971293000000   0.005696365000000
   0.392938813000000   0.005635339130000
   0.397874349000000   0.005574374790000
   0.402761771000000   0.005513701070000
   0.407556424000000   0.005453906520000
   0.412201217000000   0.005395743420000
   0.416563607000000   0.005340921160000
   0.420306740000000   0.005293742680000
   0.422981257000000   0.005259960760000
   0.424435890000000   0.005241563500000
   0.425266204000000   0.005231055050000
   0.425706590000000   0.005225479450000
   0.425986149000000   0.005221939300000
   0.426179392000000   0.005219491870000
   0.426322555000000   0.005217678540000
   0.426433340000000   0.005216275200000
   0.426523642000000   0.005215131270000
   0.426599503000000   0.005214170220000
   0.426665608000000   0.005213332750000
   0.426724615000000   0.005212585160000
   0.426778631000000   0.005211900790000
   0.426829155000000   0.005211260630000
   0.426876700000000   0.005210658210000
   0.426923175000000   0.005210069340000
   0.426969277000000   0.005209485160000
   0.427015481000000   0.005208899690000
   0.427063424000000   0.005208292170000
   0.427113647000000   0.005207655740000
   0.427167183000000   0.005206977300000
   0.427225648000000   0.005206236370000
   0.427291259000000   0.005205404860000
   0.427366772000000   0.005204447820000
   0.427455376000000   0.005203324810000
   0.427567840000000   0.005201899310000
   0.427719940000000   0.005199971290000
   0.427907671000000   0.005197591380000
   0.428184678000000   0.005194079260000
   0.428614855000000   0.005188624100000
   0.429369757000000   0.005179048060000
   0.430884525000000   0.005159821830000
   0.433452843000000   0.005127191010000
   0.437160416000000   0.005080020090000
   0.441454820000000   0.005025298150000
   0.446063783000000   0.004966484100000
   0.450823607000000   0.004905674580000
   0.455653815000000   0.004843915270000
   0.460523996000000   0.004781616670000
   0.465416962000000   0.004719022060000
   0.470323156000000   0.004656277810000
   0.475234317000000   0.004593514040000
   0.480146324000000   0.004530807830000
   0.485056325000000   0.004468219830000
   0.489962166000000   0.004405801400000
   0.494861397000000   0.004343607130000
   0.499752974000000   0.004281673230000
   0.504636007000000   0.004220033360000
   0.509509578000000   0.004158720910000
   0.514372885000000   0.004097767090000
   0.519224948000000   0.004037204520000
   0.524064114000000   0.003977073350000
   0.528890964000000   0.003917385060000
   0.533704961000000   0.003858164220000
   0.538505599000000   0.003799434120000
   0.543292397000000   0.003741216790000
   0.548064894000000   0.003683533000000
   0.552821144000000   0.003626420330000
   0.557561981000000   0.003569881760000
   0.562287205000000   0.003513931830000
   0.566996429000000   0.003458586210000
   0.571689280000000   0.003403859370000
   0.576365395000000   0.003349764550000
   0.581024421000000   0.003296313750000
   0.585665465000000   0.003243523970000
   0.590287606000000   0.003191411170000
   0.594891644000000   0.003139970820000
   0.599477266000000   0.003089209980000
   0.604044164000000   0.003039134540000
   0.608592040000000   0.002989749180000
   0.613120603000000   0.002941057420000
   0.617629566000000   0.002893061640000
   0.622118649000000   0.002845763120000
   0.626587578000000   0.002799162010000
   0.631036082000000   0.002753257440000
   0.635463293000000   0.002708053580000
   0.639868971000000   0.002663547100000
   0.644253482000000   0.002619727690000
   0.648616572000000   0.002576590530000
   0.652957986000000   0.002534129950000
   0.657277463000000   0.002492339470000
   0.661574739000000   0.002451211870000
   0.665849539000000   0.002410739250000
   0.670101578000000   0.002370913100000
   0.674330548000000   0.002331724440000
   0.678536114000000   0.002293163880000
   0.682717905000000   0.002255221720000
   0.686875501000000   0.002217888150000
   0.691008405000000   0.002181153460000
   0.695116024000000   0.002145008310000
   0.699197627000000   0.002109444030000
   0.703252281000000   0.002074453190000
   0.707278771000000   0.002040030300000
   0.711275451000000   0.002006173010000
   0.715240026000000   0.001972883870000
   0.719169191000000   0.001940173120000
   0.723057966000000   0.001908064040000
   0.726898525000000   0.001876602090000
   0.730678001000000   0.001845872040000
   0.734373565000000   0.001816036520000
   0.737943410000000   0.001787406000000
   0.741301925000000   0.001760632660000
   0.744284300000000   0.001736983410000
   0.746629813000000   0.001718463510000
   0.748249728000000   0.001705712020000
   0.749134460000000   0.001698760820000
   0.749655451000000   0.001694671730000
   0.750034656000000   0.001691697450000
   0.750256271000000   0.001689959970000
   0.750415537000000   0.001688711660000
   0.750536628000000   0.001687762750000
   0.750631415000000   0.001687020090000
   0.750709862000000   0.001686405530000
   0.750774328000000   0.001685900550000
   0.750830054000000   0.001685464070000
   0.750879159000000   0.001685079480000
   0.750922606000000   0.001684739220000
   0.750961548000000   0.001684434270000
   0.750997996000000   0.001684148850000
   0.751032005000000   0.001683882560000
   0.751063612000000   0.001683635080000
   0.751094561000000   0.001683392760000
   0.751123685000000   0.001683164740000
   0.751152710000000   0.001682937510000
   0.751181112000000   0.001682715160000
   0.751209601000000   0.001682492150000
   0.751238429000000   0.001682266490000
   0.751267724000000   0.001682037180000
   0.751298124000000   0.001681799230000
   0.751329856000000   0.001681550870000
   0.751362973000000   0.001681291670000
   0.751399294000000   0.001681007420000
   0.751437987000000   0.001680704630000
   0.751480163000000   0.001680374580000
   0.751528233000000   0.001679998450000
   0.751582746000000   0.001679571930000
   0.751645836000000   0.001679078340000
   0.751721798000000   0.001678484100000
   0.751813026000000   0.001677770530000
   0.751928963000000   0.001676863820000
   0.752080132000000   0.001675681790000
   0.752288394000000   0.001674053750000
   0.752604295000000   0.001671585170000
   0.753118377000000   0.001667570240000
   0.753908410000000   0.001661405680000
   0.755326226000000   0.001650359050000
   0.757487612000000   0.001633558540000
   0.760274927000000   0.001611959870000
   0.763436661000000   0.001587545880000
   0.766793753000000   0.001561716010000
   0.770248050000000   0.001535229130000
   0.773749846000000   0.001508462860000
   0.777272571000000   0.001481613130000
   0.780801216000000   0.001454785530000
   0.784326788000000   0.001428038860000
   0.787842937000000   0.001401411540000
   0.791344084000000   0.001374936080000
   0.794829195000000   0.001348610820000
   0.798296632000000   0.001322439060000
   0.801745109000000   0.001296421940000
   0.805173573000000   0.001270559390000
   0.808581116000000   0.001244850780000
   0.811963168000000   0.001219323720000
   0.815319505000000   0.001193973690000
   0.818651095000000   0.001168787900000
   0.821956598000000   0.001143771650000
   0.825234369000000   0.001118933280000
   0.828481434000000   0.001094291950000
   0.831683889000000   0.001069950840000
   0.834843701000000   0.001045893630000
   0.837951074000000   0.001022194370000
   0.840991688000000   0.000998962903000
   0.843944193000000   0.000976364380000
   0.846706618000000   0.000955184313000
   0.849201061000000   0.000936028593000
   0.851290333000000   0.000919962334000
   0.852876007000000   0.000907755478000
   0.853828518000000   0.000900417446000
   0.854414509000000   0.000895901046000
   0.854840412000000   0.000892617552000
   0.855089337000000   0.000890698111000
   0.855265698000000   0.000889338033000
   0.855397650000000   0.000888320351000
   0.855500110000000   0.000887530068000
   0.855582690000000   0.000886893097000
   0.855650075000000   0.000886373306000
   0.855707172000000   0.000885932855000
   0.855756271000000   0.000885554090000
   0.855799454000000   0.000885220958000
   0.855838078000000   0.000884922991000
   0.855871502000000   0.000884665134000
   0.855903095000000   0.000884421391000
   0.855931515000000   0.000884202134000
   0.855958397000000   0.000883994733000
   0.855983240000000   0.000883803058000
   0.856007371000000   0.000883616883000
   0.856029666000000   0.000883444865000
   0.856051961000000   0.000883272845000
   0.856072916000000   0.000883111167000
   0.856093694000000   0.000882950843000
   0.856114322000000   0.000882791683000
   0.856134619000000   0.000882635072000
   0.856154916000000   0.000882478460000
   0.856175591000000   0.000882318933000
   0.856196442000000   0.000882158045000
   0.856217483000000   0.000881995684000
   0.856239921000000   0.000881822542000
   0.856262359000000   0.000881649398000
   0.856286734000000   0.000881461311000
   0.856311790000000   0.000881267961000
   0.856339060000000   0.000881057523000
   0.856367759000000   0.000880836058000
   0.856399936000000   0.000880587742000
   0.856434119000000   0.000880323951000
   0.856473144000000   0.000880022778000
   0.856517345000000   0.000879681659000
   0.856567679000000   0.000879293195000
   0.856626234000000   0.000878841276000
   0.856695294000000   0.000878308254000
   0.856781207000000   0.000877645134000
   0.856887662000000   0.000876823414000
   0.857025041000000   0.000875762924000
   0.857210472000000   0.000874331377000
   0.857471620000000   0.000872315046000
   0.857934497000000   0.000868740460000
   0.858557607000000   0.000863927082000
   0.859559608000000   0.000856183596000
   0.861137542000000   0.000843981319000
   0.863251885000000   0.000827616390000
   0.865706681000000   0.000808596975000
   0.868345883000000   0.000788128000000
   0.871092110000000   0.000766809495000
   0.873900803000000   0.000744989858000
   0.876738659000000   0.000722932247000
   0.879580555000000   0.000700837726000
   0.882421120000000   0.000678754847000
   0.885251414000000   0.000656760633000
   0.888061514000000   0.000634940262000
   0.890852453000000   0.000613294221000
   0.893622568000000   0.000591844336000
   0.896345787000000   0.000570801146000
   0.899028934000000   0.000550120173000
   0.901666592000000   0.000529851239000
   0.904218951000000   0.000510306251000
   0.906637434000000   0.000491858437000
   0.908894054000000   0.000474717242000
   0.910910116000000   0.000459469055000
   0.912489934000000   0.000447567911000
   0.913579133000000   0.000439388873000
   0.914281895000000   0.000434123600000
   0.914742749000000   0.000430676000000
   0.915083592000000   0.000428128929000
   0.915289465000000   0.000426591606000
   0.915440761000000   0.000425462381000
   0.915556648000000   0.000424597761000
   0.915647719000000   0.000423918485000
   0.915722543000000   0.000423360516000
   0.915783901000000   0.000422903057000
   0.915836043000000   0.000422514372000
   0.915881315000000   0.000422176936000
   0.915919806000000   0.000421890080000
   0.915954429000000   0.000421632081000
   0.915986679000000   0.000421391788000
   0.916013874000000   0.000421189173000
   0.916040752000000   0.000420988934000
   0.916063698000000   0.000420817999000
   0.916086645000000   0.000420647074000
   0.916107067000000   0.000420494964000
   0.916126782000000   0.000420348128000
   0.916146202000000   0.000420203493000
   0.916163642000000   0.000420073616000
   0.916181082000000   0.000419943746000
   0.916198348000000   0.000419815172000
   0.916214474000000   0.000419695102000
   0.916230599000000   0.000419575038000
   0.916246724000000   0.000419454980000
   0.916262537000000   0.000419337254000
   0.916278311000000   0.000419219822000
   0.916294085000000   0.000419102395000
   0.916310211000000   0.000418982352000
   0.916326597000000   0.000418860379000
   0.916342983000000   0.000418738412000
   0.916359975000000   0.000418611944000
   0.916377935000000   0.000418478274000
   0.916395895000000   0.000418344610000
   0.916415055000000   0.000418202027000
   0.916435547000000   0.000418049536000
   0.916456040000000   0.000417897054000
   0.916479746000000   0.000417720668000
   0.916503723000000   0.000417542284000
   0.916530985000000   0.000417339469000
   0.916559390000000   0.000417128172000
   0.916592629000000   0.000416880936000
   0.916628616000000   0.000416613285000
   0.916669014000000   0.000416312871000
   0.916716260000000   0.000415961567000
   0.916771119000000   0.000415553722000
   0.916837184000000   0.000415062651000
   0.916916392000000   0.000414474009000
   0.917014942000000   0.000413741825000
   0.917140213000000   0.000412811413000
   0.917306830000000   0.000411574465000
   0.917535979000000   0.000409874299000
   0.917948621000000   0.000406815703000
   0.918433131000000   0.000403229375000
   0.919235216000000   0.000397304488000
   0.920493578000000   0.000388040600000
   0.922129436000000   0.000376057918000
   0.924068628000000   0.000361947124000
   0.926271432000000   0.000346050704000
   0.928560527000000   0.000329692853000
   0.930901853000000   0.000313145762000
   0.933279161000000   0.000296550263000
   0.935651909000000   0.000280209964000
   0.938019013000000   0.000264148151000
   0.940343877000000   0.000248623331000
   0.942623202000000   0.000233660745000
   0.944856392000000   0.000219265853000
   0.946929784000000   0.000206150714000
   0.948861136000000   0.000194163192000
   0.950599440000000   0.000183572951000
   0.951870597000000   0.000175953421000
   0.952879997000000   0.000169980667000
   0.953498240000000   0.000166357287000
   0.953905298000000   0.000163986334000
   0.954188331000000   0.000162344736000
   0.954381090000000   0.000161230030000
   0.954526521000000   0.000160390790000
   0.954642490000000   0.000159722666000
   0.954734913000000   0.000159190900000
   0.954797459000000   0.000158831386000
   0.954860004000000   0.000158472157000
   0.954922550000000   0.000158113215000
   0.954972532000000   0.000157826585000
   0.955009008000000   0.000157617521000
   0.955045484000000   0.000157408555000
   0.955073928000000   0.000157245668000
   0.955101810000000   0.000157086059000
   0.955125233000000   0.000156952023000
   0.955147779000000   0.000156823040000
   0.955169321000000   0.000156699838000
   0.955187687000000   0.000156594825000
   0.955206053000000   0.000156489838000
   0.955224256000000   0.000156385807000
   0.955239609000000   0.000156298081000
   0.955254963000000   0.000156210372000
   0.955270316000000   0.000156122680000
   0.955285224000000   0.000156037552000
   0.955298740000000   0.000155960381000
   0.955312257000000   0.000155883223000
   0.955325774000000   0.000155806078000
   0.955339290000000   0.000155728948000
   0.955352208000000   0.000155655249000
   0.955365068000000   0.000155581886000
   0.955377929000000   0.000155508536000
   0.955390790000000   0.000155435198000
   0.955403841000000   0.000155360782000
   0.955417228000000   0.000155284470000
   0.955430615000000   0.000155208171000
   0.955444002000000   0.000155131885000
   0.955457389000000   0.000155055612000
   0.955472468000000   0.000154969714000
   0.955487560000000   0.000154883754000
   0.955502653000000   0.000154797811000
   0.955518076000000   0.000154710004000
   0.955536049000000   0.000154607705000
   0.955554022000000   0.000154505429000
   0.955571995000000   0.000154403178000
   0.955593441000000   0.000154281195000
   0.955615459000000   0.000154156001000
   0.955638521000000   0.000154024904000
   0.955665735000000   0.000153870259000
   0.955693270000000   0.000153713844000
   0.955726816000000   0.000153523362000
   0.955762643000000   0.000153320016000
   0.955803637000000   0.000153087465000
   0.955852138000000   0.000152812490000
   0.955908378000000   0.000152493865000
   0.955975065000000   0.000152116354000
   0.956056912000000   0.000151653482000
   0.956158187000000   0.000151081443000
   0.956289208000000   0.000150342531000
   0.956461896000000   0.000149370631000
   0.956699291000000   0.000148038259000
   0.957038148000000   0.000146143923000
   0.957542733000000   0.000143339588000
   0.958411090000000   0.000138560327000
   0.959492842000000   0.000132691126000
   0.960927878000000   0.000125053941000
   0.962666418000000   0.000116036847000
   0.964540108000000   0.000106619318000
   0.966485709000000   0.000097185102000
   0.968488341000000   0.000087858191500
   0.970476992000000   0.000078999650800
   0.972441708000000   0.000070660509300
   0.974312557000000   0.000063118022500
   0.976128212000000   0.000056185294200
   0.977681591000000   0.000050568470400
   0.979002867000000   0.000046026937700
   0.980106102000000   0.000042405853200
   0.980804802000000   0.000040194815500
   0.981283568000000   0.000038717191800
   0.981606870000000   0.000037736781800
   0.981846795000000   0.000037018349000
   0.982002274000000   0.000036556957200
   0.982145295000000   0.000036135446100
   0.982226980000000   0.000035895957400
   0.982308666000000   0.000035657383300
   0.982390352000000   0.000035419725100
   0.982453267000000   0.000035237302900
   0.982498120000000   0.000035107586000
   0.982542940000000   0.000034978240600
   0.982576406000000   0.000034881841800
   0.982607761000000   0.000034791663500
   0.982634910000000   0.000034713691900
   0.982660589000000   0.000034640037300
   0.982682433000000   0.000034577454500
   0.982704276000000   0.000034514937800
   0.982723037000000   0.000034461297700
   0.982740602000000   0.000034411120300
   0.982758167000000   0.000034360985800
   0.982773978000000   0.000034315891900
   0.982788303000000   0.000034275067300
   0.982802629000000   0.000034234271200
   0.982816954000000   0.000034193503500
   0.982829870000000   0.000034156768700
   0.982842004000000   0.000034122281600
   0.982854138000000   0.000034087815000
   0.982866271000000   0.000034053368700
   0.982878359000000   0.000034019072700
   0.982889356000000   0.000033987890800
   0.982900353000000   0.000033956725600
   0.982911349000000   0.000033925577300
   0.982922346000000   0.000033894445700
   0.982933342000000   0.000033863331000
   0.982944262000000   0.000033832450700
   0.982955179000000   0.000033801595500
   0.982966095000000   0.000033770757000
   0.982977012000000   0.000033739935000
   0.982987928000000   0.000033709129600
   0.982999671000000   0.000033676010700
   0.983011565000000   0.000033642487600
   0.983023458000000   0.000033608984200
   0.983035351000000   0.000033575500500
   0.983047550000000   0.000033541176800
   0.983061473000000   0.000033502027600
   0.983075396000000   0.000033462905400
   0.983089319000000   0.000033423810300
   0.983103671000000   0.000033383538300
   0.983120670000000   0.000033335877300
   0.983137669000000   0.000033288256700
   0.983154667000000   0.000033240676400
   0.983175178000000   0.000033183318300
   0.983196289000000   0.000033124345800
   0.983218471000000   0.000033062444800
   0.983244716000000   0.000032989297300
   0.983271459000000   0.000032914862800
   0.983303844000000   0.000032824853800
   0.983338772000000   0.000032727944300
   0.983378287000000   0.000032618516000
   0.983425436000000   0.000032488229900
   0.983480005000000   0.000032337834600
   0.983544452000000   0.000032160749900
   0.983623916000000   0.000031943210500
   0.983721151000000   0.000031678230800
   0.983845876000000   0.000031340296000
   0.984008476000000   0.000030903053400
   0.984228467000000   0.000030317466600
   0.984536481000000   0.000029509197000
   0.984979725000000   0.000028370023500
   0.985754222000000   0.000026448071600
   0.986633825000000   0.000024372578700
   0.987819527000000   0.000021758920200
   0.989280945000000   0.000018835299500
   0.990781428000000   0.000016185192300
   0.992342427000000   0.000013817843100
   0.993817991000000   0.000011956372700
   0.995239822000000   0.000010518858000
   0.996339864000000   0.000009652741750
   0.997267186000000   0.000009093104140
   0.997918492000000   0.000008794874500
   0.998354358000000   0.000008639562060
   0.998661687000000   0.000008551578450
   0.998883912000000   0.000008499118130
   0.999049334000000   0.000008466174670
   0.999175616000000   0.000008444545800
   0.999275532000000   0.000008429597530
   0.999357351000000   0.000008418783710
   0.999424882000000   0.000008410827960
   0.999479170000000   0.000008405068720
   0.999530630000000   0.000008400133820
   0.999568670000000   0.000008396814270
   0.999606709000000   0.000008393774020
   0.999638863000000   0.000008391422120
   0.999665958000000   0.000008389595420
   0.999693053000000   0.000008387910690
   0.999719558000000   0.000008386400050
   0.999738366000000   0.000008385410590
   0.999757174000000   0.000008384489620
   0.999775983000000   0.000008383637190
   0.999794791000000   0.000008382853300
   0.999813169000000   0.000008382153540
   0.999826415000000   0.000008381689830
   0.999839661000000   0.000008381260150
   0.999852907000000   0.000008380864510
   0.999866153000000   0.000008380502920
   0.999879399000000   0.000008380175390
   0.999892644000000   0.000008379881910
   0.999905890000000   0.000008379622520
   0.999916381000000   0.000008379441260
   0.999926834000000   0.000008379281930
   0.999937286000000   0.000008379143830
   0.999947738000000   0.000008379026960
   0.999958191000000   0.000008378931340
   0.999968643000000   0.000008378856960
   0.999979095000000   0.000008378803820
   0.999989548000000   0.000008378771940
   1.000000000000000   0.000008378761310