   %%%%%%%%%%%%%%%%%%%%%%%%%%%%%%%%%%%%%
   p0=6.7177*10^3Pa
   %%%%%%%%%%%%%%%%%%%%%%%%%%%%%%%%%%%%
   0.000005196841410   0.005429087060000
   0.005196841410000   0.005428766800000
   0.010391148000000   0.005427806680000
   0.015583093700000   0.005426207580000
   0.020772661900000   0.005423970360000
   0.025959553100000   0.005421096040000
   0.031144269900000   0.005417585160000
   0.036326975000000   0.005413438280000
   0.041507752800000   0.005408655960000
   0.046686414700000   0.005403239010000
   0.051863200800000   0.005397187800000
   0.057038064300000   0.005390503000000
   0.062210803600000   0.005383185510000
   0.067380842400000   0.005375236970000
   0.072548064100000   0.005366658550000
   0.077712318000000   0.005357451550000
   0.082873368300000   0.005347617550000
   0.088030727300000   0.005337158840000
   0.093184389900000   0.005326076900000
   0.098334680300000   0.005314372520000
   0.103481810000000   0.005302046650000
   0.108625888000000   0.005289100500000
   0.113767019000000   0.005275535250000
   0.118905582000000   0.005261351390000
   0.124041541000000   0.005246550480000
   0.129174694000000   0.005231134730000
   0.134304282000000   0.005215108310000
   0.139430407000000   0.005198473040000
   0.144552803000000   0.005181232050000
   0.149671296000000   0.005163388420000
   0.154785382000000   0.005144946660000
   0.159895397000000   0.005125908470000
   0.165001582000000   0.005106275960000
   0.170104023000000   0.005086051870000
   0.175202634000000   0.005065239830000
   0.180297300000000   0.005043843770000
   0.185388475000000   0.005021865420000
   0.190476232000000   0.004999308180000
   0.195560666000000   0.004976175530000
   0.200641525000000   0.004952472740000
   0.205719324000000   0.004928201730000
   0.210794336000000   0.004903365610000
   0.215866720000000   0.004877968170000
   0.220936487000000   0.004852014180000
   0.226003468000000   0.004825509570000
   0.231067878000000   0.004798458570000
   0.236129620000000   0.004770867280000
   0.241188583000000   0.004742742230000
   0.246244395000000   0.004714091730000
   0.251297138000000   0.004684921930000
   0.256347001000000   0.004655238580000
   0.261394066000000   0.004625048290000
   0.266438444000000   0.004594357770000
   0.271479867000000   0.004563176350000
   0.276518712000000   0.004531509680000
   0.281554945000000   0.004499366250000
   0.286588461000000   0.004466755300000
   0.291619050000000   0.004433687170000
   0.296646338000000   0.004400173630000
   0.301670615000000   0.004366222450000
   0.306691890000000   0.004331843510000
   0.311710218000000   0.004297046710000
   0.316725517000000   0.004261843170000
   0.321737771000000   0.004226243890000
   0.326747235000000   0.004190258250000
   0.331753830000000   0.004153898300000
   0.336757396000000   0.004117176980000
   0.341757466000000   0.004080109880000
   0.346753800000000   0.004042711300000
   0.351746445000000   0.004004993730000
   0.356735265000000   0.003966971310000
   0.361720156000000   0.003928658220000
   0.366700692000000   0.003890071430000
   0.371676823000000   0.003851225300000
   0.376648593000000   0.003812133660000
   0.381615696000000   0.003772813380000
   0.386577685000000   0.003733282670000
   0.391533410000000   0.003693565680000
   0.396482051000000   0.003653684250000
   0.401422914000000   0.003613659440000
   0.406354679000000   0.003573517690000
   0.411275614000000   0.003533289000000
   0.416182069000000   0.003493019400000
   0.421070031000000   0.003452758340000
   0.425934818000000   0.003412561030000
   0.430767917000000   0.003372514740000
   0.435555821000000   0.003332748560000
   0.440266409000000   0.003293546920000
   0.444848366000000   0.003255355140000
   0.449213629000000   0.003218925810000
   0.453189832000000   0.003185715680000
   0.456354409000000   0.003159271430000
   0.458540581000000   0.003140998790000
   0.459742517000000   0.003130951770000
   0.460462274000000   0.003124935130000
   0.460884828000000   0.003121402860000
   0.461165396000000   0.003119057480000
   0.461365082000000   0.003117388230000
   0.461515336000000   0.003116132190000
   0.461632430000000   0.003115153360000
   0.461728547000000   0.003114349880000
   0.461807657000000   0.003113688570000
   0.461875934000000   0.003113117810000
   0.461935991000000   0.003112615770000
   0.461989997000000   0.003112164320000
   0.462038153000000   0.003111761760000
   0.462082764000000   0.003111388840000
   0.462125260000000   0.003111033600000
   0.462164922000000   0.003110702050000
   0.462203406000000   0.003110380360000
   0.462240924000000   0.003110066720000
   0.462277851000000   0.003109758040000
   0.462314650000000   0.003109450430000
   0.462352106000000   0.003109137320000
   0.462390135000000   0.003108819420000
   0.462429672000000   0.003108488920000
   0.462471537000000   0.003108138950000
   0.462514836000000   0.003107777000000
   0.462565295000000   0.003107355200000
   0.462616473000000   0.003106927380000
   0.462675449000000   0.003106434380000
   0.462740598000000   0.003105889790000
   0.462818952000000   0.003105234810000
   0.462908981000000   0.003104482230000
   0.463019761000000   0.003103556190000
   0.463161802000000   0.003102368840000
   0.463346192000000   0.003100827490000
   0.463602660000000   0.003098683640000
   0.463984196000000   0.003095494370000
   0.464591307000000   0.003090419620000
   0.465683328000000   0.003081291990000
   0.467527521000000   0.003065878970000
   0.470499903000000   0.003041043210000
   0.474272195000000   0.003009539740000
   0.478503014000000   0.002974236500000
   0.482986590000000   0.002936869130000
   0.487605658000000   0.002898433380000
   0.492289107000000   0.002859538220000
   0.497009683000000   0.002820426130000
   0.501751317000000   0.002781245780000
   0.506504006000000   0.002742094730000
   0.511261201000000   0.002703041250000
   0.516017827000000   0.002664140730000
   0.520770847000000   0.002625431140000
   0.525518054000000   0.002586943040000
   0.530257733000000   0.002548702390000
   0.534988510000000   0.002510731730000
   0.539708966000000   0.002473053310000
   0.544417418000000   0.002435690740000
   0.549113943000000   0.002398652980000
   0.553797848000000   0.002361954530000
   0.558468511000000   0.002325608640000
   0.563125368000000   0.002289627440000
   0.567767902000000   0.002254021980000
   0.572395637000000   0.002218802350000
   0.577007621000000   0.002183981500000
   0.581603000000000   0.002149570810000
   0.586182292000000   0.002115570700000
   0.590745130000000   0.002081987600000
   0.595291160000000   0.002048827140000
   0.599820047000000   0.002016094120000
   0.604331466000000   0.001983792580000
   0.608825107000000   0.001951925730000
   0.613300671000000   0.001920496060000
   0.617757872000000   0.001889505270000
   0.622196429000000   0.001858954380000
   0.626616073000000   0.001828843670000
   0.631015567000000   0.001799179290000
   0.635395610000000   0.001769953640000
   0.639756030000000   0.001741164500000
   0.644096593000000   0.001712809480000
   0.648417074000000   0.001684885590000
   0.652717253000000   0.001657389270000
   0.656996911000000   0.001630316420000
   0.661255836000000   0.001603662410000
   0.665493817000000   0.001577422100000
   0.669710645000000   0.001551589930000
   0.673906108000000   0.001526159920000
   0.678079992000000   0.001501125710000
   0.682232078000000   0.001476480570000
   0.686362137000000   0.001452217500000
   0.690469925000000   0.001428329280000
   0.694555177000000   0.001404808480000
   0.698617606000000   0.001381647570000
   0.702656882000000   0.001358838970000
   0.706672628000000   0.001336375180000
   0.710664395000000   0.001314248870000
   0.714631644000000   0.001292453050000
   0.718573708000000   0.001270981250000
   0.722489739000000   0.001249827800000
   0.726378643000000   0.001228988240000
   0.730238981000000   0.001208459810000
   0.734068794000000   0.001188242340000
   0.737863027000000   0.001168351690000
   0.741618718000000   0.001148792330000
   0.745329675000000   0.001129585330000
   0.748985580000000   0.001110772530000
   0.752569650000000   0.001092428090000
   0.756052415000000   0.001074689640000
   0.759382716000000   0.001057802770000
   0.762466335000000   0.001042227490000
   0.765154566000000   0.001028693550000
   0.767263802000000   0.001018101520000
   0.768719242000000   0.001010805700000
   0.769600958000000   0.001006390800000
   0.770165529000000   0.001003565800000
   0.770521756000000   0.001001784060000
   0.770769606000000   0.001000544730000
   0.770950484000000   0.000999640455000
   0.771088780000000   0.000998949160000
   0.771197898000000   0.000998403775000
   0.771286706000000   0.000997959946000
   0.771360681000000   0.000997590267000
   0.771423857000000   0.000997274577000
   0.771477933000000   0.000997004374000
   0.771525759000000   0.000996765409000
   0.771568249000000   0.000996553114000
   0.771606128000000   0.000996363863000
   0.771641058000000   0.000996189354000
   0.771673915000000   0.000996025206000
   0.771703344000000   0.000995878185000
   0.771731770000000   0.000995736181000
   0.771758333000000   0.000995603485000
   0.771783912000000   0.000995475710000
   0.771808359000000   0.000995353591000
   0.771832237000000   0.000995234316000
   0.771855321000000   0.000995119013000
   0.771878253000000   0.000995004468000
   0.771900727000000   0.000994892214000
   0.771923204000000   0.000994779947000
   0.771945823000000   0.000994666973000
   0.771968442000000   0.000994554002000
   0.771991787000000   0.000994437408000
   0.772015305000000   0.000994319949000
   0.772039943000000   0.000994196898000
   0.772065114000000   0.000994071193000
   0.772091940000000   0.000993937224000
   0.772119513000000   0.000993799523000
   0.772149837000000   0.000993648091000
   0.772181510000000   0.000993489931000
   0.772216128000000   0.000993317064000
   0.772254439000000   0.000993125763000
   0.772296488000000   0.000992915805000
   0.772343536000000   0.000992680892000
   0.772397048000000   0.000992413718000
   0.772458636000000   0.000992106240000
   0.772536349000000   0.000991718275000
   0.772618671000000   0.000991307329000
   0.772740946000000   0.000990696997000
   0.772863401000000   0.000990085827000
   0.773051022000000   0.000989149538000
   0.773292888000000   0.000987942761000
   0.773635330000000   0.000986234581000
   0.774159458000000   0.000983621026000
   0.774999831000000   0.000979432793000
   0.776382310000000   0.000972548711000
   0.778358860000000   0.000962718479000
   0.780916672000000   0.000950016766000
   0.783853106000000   0.000935458975000
   0.787004933000000   0.000919858098000
   0.790273745000000   0.000903700665000
   0.793606396000000   0.000887246335000
   0.796972255000000   0.000870642067000
   0.800353468000000   0.000853971203000
   0.803738677000000   0.000837284870000
   0.807119065000000   0.000820621775000
   0.810490655000000   0.000803996970000
   0.813850833000000   0.000787419081000
   0.817197645000000   0.000770893859000
   0.820529608000000   0.000754425125000
   0.823842981000000   0.000738028282000
   0.827136107000000   0.000721708877000
   0.830410650000000   0.000705456456000
   0.833665943000000   0.000689272541000
   0.836901336000000   0.000673159035000
   0.840112879000000   0.000657134759000
   0.843297341000000   0.000641215534000
   0.846457756000000   0.000625386358000
   0.849592595000000   0.000609655466000
   0.852700168000000   0.000594032385000
   0.855765976000000   0.000578591710000
   0.858789872000000   0.000563336437000
   0.861766536000000   0.000548296051000
   0.864685720000000   0.000533525439000
   0.867515819000000   0.000519188202000
   0.870194295000000   0.000505605562000
   0.872674062000000   0.000493021015000
   0.874867369000000   0.000481884347000
   0.876636653000000   0.000472897875000
   0.877936475000000   0.000466294872000
   0.878777724000000   0.000462021156000
   0.879323230000000   0.000459249845000
   0.879656861000000   0.000457554916000
   0.879946860000000   0.000456081657000
   0.880136970000000   0.000455115864000
   0.880278450000000   0.000454397127000
   0.880390348000000   0.000453828670000
   0.880480747000000   0.000453369434000
   0.880555257000000   0.000452990920000
   0.880618901000000   0.000452667606000
   0.880673024000000   0.000452392660000
   0.880720148000000   0.000452153273000
   0.880761957000000   0.000451940882000
   0.880799089000000   0.000451752252000
   0.880832116000000   0.000451584477000
   0.880862598000000   0.000451429628000
   0.880891007000000   0.000451285311000
   0.880916263000000   0.000451157012000
   0.880940923000000   0.000451031743000
   0.880962897000000   0.000450920115000
   0.880984813000000   0.000450808786000
   0.881004437000000   0.000450709096000
   0.881024062000000   0.000450609406000
   0.881042413000000   0.000450516185000
   0.881060269000000   0.000450425476000
   0.881077904000000   0.000450335894000
   0.881094577000000   0.000450251200000
   0.881111249000000   0.000450166506000
   0.881127637000000   0.000450083256000
   0.881143711000000   0.000450001604000
   0.881159785000000   0.000449919952000
   0.881175850000000   0.000449838344000
   0.881191911000000   0.000449756759000
   0.881207971000000   0.000449675174000
   0.881224515000000   0.000449591133000
   0.881241148000000   0.000449506641000
   0.881257927000000   0.000449421411000
   0.881275717000000   0.000449331040000
   0.881293507000000   0.000449240670000
   0.881312312000000   0.000449145145000
   0.881331843000000   0.000449045935000
   0.881351994000000   0.000448943572000
   0.881373845000000   0.000448832571000
   0.881396270000000   0.000448718660000
   0.881421021000000   0.000448592931000
   0.881447058000000   0.000448460670000
   0.881475284000000   0.000448317295000
   0.881506614000000   0.000448158148000
   0.881540571000000   0.000447985656000
   0.881578173000000   0.000447794654000
   0.881620588000000   0.000447579198000
   0.881669096000000   0.000447332797000
   0.881725049000000   0.000447048582000
   0.881789846000000   0.000446719442000
   0.881867257000000   0.000446326234000
   0.881960737000000   0.000445851407000
   0.882076363000000   0.000445264100000
   0.882224076000000   0.000444513821000
   0.882417834000000   0.000443529691000
   0.882699223000000   0.000442100515000
   0.883110645000000   0.000440011010000
   0.883667863000000   0.000437181285000
   0.884526723000000   0.000432820354000
   0.885836461000000   0.000426171835000
   0.887619151000000   0.000417126881000
   0.889773622000000   0.000406204286000
   0.892159112000000   0.000394124813000
   0.894697904000000   0.000381290053000
   0.897347305000000   0.000367924867000
   0.900037818000000   0.000354388962000
   0.902749833000000   0.000340789711000
   0.905474955000000   0.000327178230000
   0.908199697000000   0.000313631082000
   0.910917882000000   0.000300188153000
   0.913628287000000   0.000286864899000
   0.916316933000000   0.000273739140000
   0.918986844000000   0.000260804981000
   0.921638553000000   0.000248069081000
   0.924252675000000   0.000235632678000
   0.926829203000000   0.000223502466000
   0.929370853000000   0.000211672217000
   0.931839840000000   0.000200320985000
   0.934215097000000   0.000189542770000
   0.936493019000000   0.000179347487000
   0.938588082000000   0.000170101573000
   0.940377137000000   0.000162311828000
   0.941841351000000   0.000156012874000
   0.942968427000000   0.000151213135000
   0.943708566000000   0.000148085081000
   0.944205369000000   0.000145996294000
   0.944517353000000   0.000144689097000
   0.944791808000000   0.000143542060000
   0.944973771000000   0.000142783092000
   0.945119732000000   0.000142175168000
   0.945228689000000   0.000141721879000
   0.945317296000000   0.000141353573000
   0.945390851000000   0.000141048052000
   0.945452790000000   0.000140790934000
   0.945506216000000   0.000140569274000
   0.945552476000000   0.000140377430000
   0.945592883000000   0.000140209922000
   0.945628695000000   0.000140061513000
   0.945661081000000   0.000139927345000
   0.945691079000000   0.000139803107000
   0.945717005000000   0.000139695759000
   0.945741901000000   0.000139592696000
   0.945764264000000   0.000139500145000
   0.945785726000000   0.000139411335000
   0.945805064000000   0.000139331333000
   0.945824401000000   0.000139251344000
   0.945841271000000   0.000139181578000
   0.945858126000000   0.000139111878000
   0.945874299000000   0.000139045010000
   0.945889219000000   0.000138983335000
   0.945904139000000   0.000138921667000
   0.945918548000000   0.000138862117000
   0.945932079000000   0.000138806201000
   0.945945611000000   0.000138750293000
   0.945959078000000   0.000138694656000
   0.945971771000000   0.000138642224000
   0.945984465000000   0.000138589797000
   0.945997158000000   0.000138537377000
   0.946009687000000   0.000138485638000
   0.946022093000000   0.000138434418000
   0.946034499000000   0.000138383203000
   0.946046904000000   0.000138331994000
   0.946059567000000   0.000138279729000
   0.946072236000000   0.000138227446000
   0.946084904000000   0.000138175169000
   0.946097950000000   0.000138121344000
   0.946111432000000   0.000138065724000
   0.946124914000000   0.000138010111000
   0.946138614000000   0.000137953604000
   0.946153459000000   0.000137892387000
   0.946168303000000   0.000137831178000
   0.946183454000000   0.000137768716000
   0.946200208000000   0.000137699653000
   0.946216962000000   0.000137630600000
   0.946234949000000   0.000137556480000
   0.946254157000000   0.000137477340000
   0.946273915000000   0.000137395946000
   0.946296118000000   0.000137304500000
   0.946318951000000   0.000137210481000
   0.946344686000000   0.000137104533000
   0.946372241000000   0.000136991122000
   0.946402041000000   0.000136868503000
   0.946436218000000   0.000136727916000
   0.946473976000000   0.000136572651000
   0.946516469000000   0.000136397980000
   0.946564939000000   0.000136198822000
   0.946620687000000   0.000135969874000
   0.946686732000000   0.000135698793000
   0.946764764000000   0.000135378724000
   0.946860022000000   0.000134988323000
   0.946977736000000   0.000134506368000
   0.947127770000000   0.000133892867000
   0.947323957000000   0.000133091971000
   0.947602762000000   0.000131956394000
   0.948011144000000   0.000130298600000
   0.948534956000000   0.000128181987000
   0.949334804000000   0.000124971469000
   0.950506800000000   0.000120315173000
   0.952039568000000   0.000114314360000
   0.953875050000000   0.000107266230000
   0.955865802000000   0.000099799697300
   0.958000784000000   0.000092008536200
   0.960214935000000   0.000084177787500
   0.962454630000000   0.000076529277700
   0.964716317000000   0.000069099291900
   0.966969924000000   0.000062005412400
   0.969218431000000   0.000055252163000
   0.971421057000000   0.000048967568100
   0.973591555000000   0.000043111292300
   0.975708446000000   0.000037737381900
   0.977714840000000   0.000032966248000
   0.979648885000000   0.000028677248500
   0.981368417000000   0.000025130026400
   0.982873137000000   0.000022238974100
   0.984126558000000   0.000019987335500
   0.985091089000000   0.000018354064300
   0.985734641000000   0.000017313352700
   0.986196716000000   0.000016590666300
   0.986518913000000   0.000016099012600
   0.986762614000000   0.000015733877700
   0.986928942000000   0.000015488018500
   0.987075000000000   0.000015274371800
   0.987174737000000   0.000015129692900
   0.987274474000000   0.000014985999700
   0.987353364000000   0.000014873040200
   0.987410357000000   0.000014791820100
   0.987467350000000   0.000014710923500
   0.987522378000000   0.000014633122700
   0.987562652000000   0.000014576372000
   0.987597589000000   0.000014527275200
   0.987629229000000   0.000014482914500
   0.987658772000000   0.000014441586200
   0.987683930000000   0.000014406460500
   0.987708471000000   0.000014372257500
   0.987729722000000   0.000014342688600
   0.987750972000000   0.000014313164900
   0.987769051000000   0.000014288083500
   0.987786972000000   0.000014263253800
   0.987803966000000   0.000014239737700
   0.987819140000000   0.000014218765600
   0.987834313000000   0.000014197816600
   0.987848950000000   0.000014177630700
   0.987861963000000   0.000014159701900
   0.987874976000000   0.000014141790200
   0.987887989000000   0.000014123895500
   0.987899987000000   0.000014107412400
   0.987911430000000   0.000014091704400
   0.987922873000000   0.000014076009600
   0.987934316000000   0.000014060327900
   0.987945221000000   0.000014045396600
   0.987955687000000   0.000014031076900
   0.987966153000000   0.000014016768200
   0.987976620000000   0.000014002470500
   0.987987058000000   0.000013988222100
   0.987997141000000   0.000013974468400
   0.988007224000000   0.000013960724900
   0.988017308000000   0.000013946991600
   0.988027391000000   0.000013933268600
   0.988037565000000   0.000013919433300
   0.988047860000000   0.000013905443000
   0.988058155000000   0.000013891463400
   0.988068451000000   0.000013877494500
   0.988078746000000   0.000013863536200
   0.988089745000000   0.000013848636000
   0.988100846000000   0.000013833609400
   0.988111948000000   0.000013818595300
   0.988123049000000   0.000013803593600
   0.988135061000000   0.000013787375500
   0.988147560000000   0.000013770514300
   0.988160060000000   0.000013753669000
   0.988172559000000   0.000013736839400
   0.988186851000000   0.000013717616000
   0.988201338000000   0.000013698150600
   0.988215826000000   0.000013678706500
   0.988232029000000   0.000013656985000
   0.988249090000000   0.000013634141800
   0.988266151000000   0.000013611328100
   0.988286113000000   0.000013584672800
   0.988306329000000   0.000013557719700
   0.988328787000000   0.000013527825400
   0.988352733000000   0.000013496007200
   0.988379447000000   0.000013460579600
   0.988407691000000   0.000013423201000
   0.988440721000000   0.000013379593200
   0.988476903000000   0.000013331949600
   0.988517515000000   0.000013278632400
   0.988563918000000   0.000013217916800
   0.988617526000000   0.000013148048100
   0.988679773000000   0.000013067287500
   0.988753935000000   0.000012971584700
   0.988842923000000   0.000012857492600
   0.988952266000000   0.000012718415100
   0.989089136000000   0.000012546054500
   0.989264622000000   0.000012327887800
   0.989495696000000   0.000012045469600
   0.989807721000000   0.000011672915600
   0.990296078000000   0.000011110264100
   0.990903423000000   0.000010445649400
   0.991713613000000   0.000009620455640
   0.992724082000000   0.000008691200350
   0.993842995000000   0.000007794129000
   0.994998334000000   0.000007016456530
   0.996025410000000   0.000006454602920
   0.996888405000000   0.000006078585810
   0.997587979000000   0.000005839232580
   0.998060235000000   0.000005711222050
   0.998404396000000   0.000005635141260
   0.998657895000000   0.000005588444290
   0.998849687000000   0.000005558406700
   0.998998541000000   0.000005538247660
   0.999118258000000   0.000005524040380
   0.999213576000000   0.000005514010160
   0.999293076000000   0.000005506514880
   0.999361012000000   0.000005500738340
   0.999416468000000   0.000005496452750
   0.999465530000000   0.000005492983740
   0.999509787000000   0.000005490114380
   0.999546631000000   0.000005487913890
   0.999581188000000   0.000005486005540
   0.999612072000000   0.000005484427490
   0.999638472000000   0.000005483174000
   0.999664872000000   0.000005482008530
   0.999688503000000   0.000005481040030
   0.999708330000000   0.000005480281860
   0.999728157000000   0.000005479573410
   0.999747984000000   0.000005478914690
   0.999765886000000   0.000005478362680
   0.999780755000000   0.000005477935010
   0.999795625000000   0.000005477535340
   0.999810494000000   0.000005477163670
   0.999825364000000   0.000005476820020
   0.999840198000000   0.000005476505110
   0.999851749000000   0.000005476279220
   0.999863300000000   0.000005476070240
   0.999874850000000   0.000005475878190
   0.999886401000000   0.000005475703060
   0.999897952000000   0.000005475544860
   0.999909503000000   0.000005475403590
   0.999920907000000   0.000005475280730
   0.999930794000000   0.000005475187580
   0.999940680000000   0.000005475106850
   0.999950567000000   0.000005475038530
   0.999960454000000   0.000005474982620
   0.999970340000000   0.000005474939140
   0.999980227000000   0.000005474908070
   0.999990113000000   0.000005474889430
   1.000000000000000   0.000005474883220