   % P(0)=9.725313564619036(kPa)
   %\sqrt(\psi_p)       pressure
   0.000005263629090   0.007573574130000
   0.005263629090000   0.007573115810000
   0.010524698900000   0.007571741780000
   0.015783356100000   0.007569453340000
   0.021039488400000   0.007566251780000
   0.026292919900000   0.007562138500000
   0.031544111900000   0.007557114320000
   0.036793197500000   0.007551180110000
   0.042040162100000   0.007544336820000
   0.047284997600000   0.007536585420000
   0.052527935100000   0.007527926450000
   0.057768890700000   0.007518360930000
   0.063007416500000   0.007507890690000
   0.068243151200000   0.007496517730000
   0.073475996200000   0.007484243690000
   0.078705643200000   0.007471070870000
   0.083931468600000   0.007457002730000
   0.089153445800000   0.007442041460000
   0.094371872800000   0.007426188310000
   0.099586901800000   0.007409444910000
   0.104798406000000   0.007391813850000
   0.110006781000000   0.007373295960000
   0.115212346000000   0.007353892240000
   0.120415133000000   0.007333604680000
   0.125614742000000   0.007312437200000
   0.130811052000000   0.007290392910000
   0.136003936000000   0.007267475200000
   0.141193108000000   0.007243688470000
   0.146377931000000   0.007219039150000
   0.151558370000000   0.007193531330000
   0.156734635000000   0.007167168030000
   0.161906749000000   0.007139953370000
   0.167074475000000   0.007111893120000
   0.172237920000000   0.007082991500000
   0.177397505000000   0.007053251090000
   0.182553298000000   0.007022676570000
   0.187705183000000   0.006991274020000
   0.192853038000000   0.006959049900000
   0.197997406000000   0.006926006730000
   0.203138450000000   0.006892149560000
   0.208276314000000   0.006857483750000
   0.213410771000000   0.006822017540000
   0.218542397000000   0.006785753920000
   0.223671242000000   0.006748699720000
   0.228797291000000   0.006710862640000
   0.233920100000000   0.006672253990000
   0.239039765000000   0.006632881620000
   0.244156286000000   0.006592754440000
   0.249269605000000   0.006551882250000
   0.254379526000000   0.006510276450000
   0.259486028000000   0.006467947540000
   0.264589493000000   0.006424902980000
   0.269690000000000   0.006381153130000
   0.274787583000000   0.006336709090000
   0.279881771000000   0.006291586960000
   0.284972916000000   0.006245796080000
   0.290060894000000   0.006199350400000
   0.295145578000000   0.006152264440000
   0.300226598000000   0.006104555540000
   0.305303933000000   0.006056238360000
   0.310377864000000   0.006007325090000
   0.315448441000000   0.005957830450000
   0.320515706000000   0.005907769700000
   0.325579140000000   0.005857164180000
   0.330639121000000   0.005806026760000
   0.335695473000000   0.005754376300000
   0.340747930000000   0.005702233050000
   0.345795907000000   0.005649621120000
   0.350838884000000   0.005596564630000
   0.355876932000000   0.005543081890000
   0.360909754000000   0.005489195570000
   0.365937028000000   0.005434929010000
   0.370957580000000   0.005380315270000
   0.375971123000000   0.005325378340000
   0.380976881000000   0.005270148000000
   0.385973435000000   0.005214661600000
   0.390958592000000   0.005158965750000
   0.395927181000000   0.005103141240000
   0.400876105000000   0.005047246630000
   0.405798165000000   0.004991387750000
   0.410681755000000   0.004935721850000
   0.415499338000000   0.004880590490000
   0.420200846000000   0.004826597780000
   0.424699856000000   0.004774772420000
   0.428811843000000   0.004727284130000
   0.432017737000000   0.004690188210000
   0.434080300000000   0.004666291770000
   0.435200902000000   0.004653299490000
   0.435779877000000   0.004646584420000
   0.436128781000000   0.004642536970000
   0.436360449000000   0.004639849210000
   0.436526951000000   0.004637917320000
   0.436651855000000   0.004636468010000
   0.436753129000000   0.004635292830000
   0.436835421000000   0.004634337880000
   0.436906418000000   0.004633513980000
   0.436969070000000   0.004632786900000
   0.437024539000000   0.004632143170000
   0.437076374000000   0.004631541590000
   0.437125763000000   0.004630968400000
   0.437172560000000   0.004630425270000
   0.437218817000000   0.004629888400000
   0.437264710000000   0.004629355740000
   0.437311898000000   0.004628808050000
   0.437360644000000   0.004628242270000
   0.437411322000000   0.004627654040000
   0.437467674000000   0.004626999950000
   0.437532463000000   0.004626247910000
   0.437600892000000   0.004625453590000
   0.437685440000000   0.004624472130000
   0.437778136000000   0.004623396060000
   0.437904836000000   0.004621925190000
   0.438065251000000   0.004620062820000
   0.438288716000000   0.004617468260000
   0.438623251000000   0.004613583710000
   0.439169740000000   0.004607236980000
   0.440206302000000   0.004595195320000
   0.442105463000000   0.004573121990000
   0.445253379000000   0.004536506620000
   0.449244057000000   0.004490046060000
   0.453667959000000   0.004438499660000
   0.458320999000000   0.004384252810000
   0.463080015000000   0.004328757400000
   0.467892091000000   0.004272650340000
   0.472734230000000   0.004216220990000
   0.477593066000000   0.004159646940000
   0.482460668000000   0.004103042440000
   0.487330568000000   0.004046504410000
   0.492199202000000   0.003990095640000
   0.497064083000000   0.003933865930000
   0.501923308000000   0.003877857810000
   0.506774995000000   0.003822113010000
   0.511617446000000   0.003766670390000
   0.516450321000000   0.003711552610000
   0.521272786000000   0.003656787260000
   0.526084106000000   0.003602400110000
   0.530883621000000   0.003548415320000
   0.535670345000000   0.003494859850000
   0.540442912000000   0.003441763930000
   0.545201919000000   0.003389135010000
   0.549946890000000   0.003336991770000
   0.554677370000000   0.003285351680000
   0.559392931000000   0.003234231010000
   0.564093161000000   0.003183644900000
   0.568777451000000   0.003133609580000
   0.573444201000000   0.003084150700000
   0.578094448000000   0.003035264920000
   0.582727841000000   0.002986962730000
   0.587344042000000   0.002939253520000
   0.591942721000000   0.002892145580000
   0.596523556000000   0.002845646090000
   0.601086237000000   0.002799761150000
   0.605630461000000   0.002754495760000
   0.610155932000000   0.002709853880000
   0.614661256000000   0.002665849160000
   0.619146983000000   0.002622475150000
   0.623613141000000   0.002579729750000
   0.628059466000000   0.002537612820000
   0.632485701000000   0.002496123220000
   0.636891594000000   0.002455258910000
   0.641276899000000   0.002415016960000
   0.645641369000000   0.002375393550000
   0.649984764000000   0.002336384070000
   0.654306843000000   0.002297983140000
   0.658607364000000   0.002260184610000
   0.662886086000000   0.002222981670000
   0.667142758000000   0.002186366870000
   0.671377124000000   0.002150332210000
   0.675588916000000   0.002114869200000
   0.679777847000000   0.002079968910000
   0.683943603000000   0.002045622100000
   0.688085839000000   0.002011819290000
   0.692204157000000   0.001978550980000
   0.696298094000000   0.001945807740000
   0.700367094000000   0.001913580460000
   0.704410469000000   0.001881860680000
   0.708427348000000   0.001850641000000
   0.712416588000000   0.001819915730000
   0.716376648000000   0.001789681850000
   0.720305392000000   0.001759940410000
   0.724199734000000   0.001730699080000
   0.728055054000000   0.001701976400000
   0.731864170000000   0.001673808990000
   0.735615188000000   0.001646266830000
   0.739287649000000   0.001619480470000
   0.742843329000000   0.001593706020000
   0.746210018000000   0.001569439050000
   0.749245274000000   0.001547669550000
   0.751719082000000   0.001529999130000
   0.753498398000000   0.001517327790000
   0.754483435000000   0.001510326210000
   0.755104271000000   0.001505918100000
   0.755463782000000   0.001503367140000
   0.755703457000000   0.001501667160000
   0.755874439000000   0.001500454750000
   0.756002644000000   0.001499545830000
   0.756102984000000   0.001498834570000
   0.756184540000000   0.001498256530000
   0.756252650000000   0.001497773830000
   0.756310272000000   0.001497365500000
   0.756360543000000   0.001497009280000
   0.756404614000000   0.001496697020000
   0.756444738000000   0.001496412740000
   0.756482197000000   0.001496147350000
   0.756516121000000   0.001495907020000
   0.756548467000000   0.001495677880000
   0.756579313000000   0.001495459380000
   0.756608864000000   0.001495250050000
   0.756637827000000   0.001495044890000
   0.756666282000000   0.001494843350000
   0.756694562000000   0.001494643050000
   0.756723232000000   0.001494439990000
   0.756752030000000   0.001494236040000
   0.756782197000000   0.001494022390000
   0.756812712000000   0.001493806300000
   0.756846003000000   0.001493570560000
   0.756880533000000   0.001493326050000
   0.756918063000000   0.001493060300000
   0.756959654000000   0.001492765820000
   0.757005397000000   0.001492441960000
   0.757057035000000   0.001492076390000
   0.757116732000000   0.001491653790000
   0.757186955000000   0.001491156710000
   0.757271190000000   0.001490560510000
   0.757376315000000   0.001489816550000
   0.757519282000000   0.001488804940000
   0.757720710000000   0.001487379980000
   0.757990132000000   0.001485474570000
   0.758391175000000   0.001482639500000
   0.759037223000000   0.001478075370000
   0.760206748000000   0.001469822160000
   0.762070569000000   0.001456692910000
   0.764632400000000   0.001438691770000
   0.767649892000000   0.001417551590000
   0.770914532000000   0.001394750250000
   0.774304687000000   0.001371142260000
   0.777757108000000   0.001347165900000
   0.781239011000000   0.001323043080000
   0.784732104000000   0.001298893060000
   0.788225653000000   0.001274781930000
   0.791712701000000   0.001250749290000
   0.795186544000000   0.001226833000000
   0.798645853000000   0.001203034130000
   0.802088870000000   0.001179357070000
   0.805514245000000   0.001155803880000
   0.808920906000000   0.001132375200000
   0.812307972000000   0.001109070800000
   0.815670403000000   0.001085919730000
   0.819009305000000   0.001062909350000
   0.822325307000000   0.001040030940000
   0.825617415000000   0.001017287500000
   0.828884479000000   0.000994683779000
   0.832121858000000   0.000972249458000
   0.835322445000000   0.000950032172000
   0.838487883000000   0.000928019638000
   0.841612513000000   0.000906251013000
   0.844688533000000   0.000884781347000
   0.847692233000000   0.000863777985000
   0.850578148000000   0.000843562479000
   0.853301298000000   0.000824455453000
   0.855771124000000   0.000807099957000
   0.857859121000000   0.000792409012000
   0.859349801000000   0.000781910714000
   0.860363766000000   0.000774765134000
   0.860945272000000   0.000770665532000
   0.861316615000000   0.000768046964000
   0.861567108000000   0.000766280323000
   0.861745089000000   0.000765024948000
   0.861878726000000   0.000764082280000
   0.861981150000000   0.000763359752000
   0.862065393000000   0.000762765452000
   0.862133594000000   0.000762284295000
   0.862191107000000   0.000761878542000
   0.862239095000000   0.000761539967000
   0.862287084000000   0.000761201385000
   0.862321515000000   0.000760958459000
   0.862354681000000   0.000760724450000
   0.862387847000000   0.000760490437000
   0.862419843000000   0.000760264679000
   0.862444156000000   0.000760093122000
   0.862468470000000   0.000759921564000
   0.862492784000000   0.000759750003000
   0.862517097000000   0.000759578441000
   0.862539198000000   0.000759422491000
   0.862559995000000   0.000759275739000
   0.862580792000000   0.000759128985000
   0.862601590000000   0.000758982231000
   0.862621931000000   0.000758838688000
   0.862642214000000   0.000758695557000
   0.862662498000000   0.000758552425000
   0.862682861000000   0.000758408723000
   0.862704819000000   0.000758253773000
   0.862726776000000   0.000758098821000
   0.862748734000000   0.000757943867000
   0.862772629000000   0.000757775237000
   0.862798441000000   0.000757593080000
   0.862824253000000   0.000757410920000
   0.862852994000000   0.000757208087000
   0.862884822000000   0.000756983460000
   0.862916985000000   0.000756756469000
   0.862956966000000   0.000756474299000
   0.862997910000000   0.000756185325000
   0.863048144000000   0.000755830780000
   0.863105077000000   0.000755428944000
   0.863171908000000   0.000754957237000
   0.863253424000000   0.000754381851000
   0.863354711000000   0.000753666887000
   0.863484350000000   0.000752751750000
   0.863657459000000   0.000751529665000
   0.863898271000000   0.000749829462000
   0.864251671000000   0.000747334037000
   0.864800074000000   0.000743460911000
   0.865763202000000   0.000736656620000
   0.867153542000000   0.000726829582000
   0.869096259000000   0.000713089947000
   0.871411810000000   0.000696702381000
   0.873992586000000   0.000678426297000
   0.876705248000000   0.000659207107000
   0.879473047000000   0.000639592538000
   0.882274060000000   0.000619743511000
   0.885092320000000   0.000599779843000
   0.887909547000000   0.000579838523000
   0.890719789000000   0.000559969756000
   0.893520538000000   0.000540199895000
   0.896297085000000   0.000520641658000
   0.899051641000000   0.000501288495000
   0.901783672000000   0.000482153513000
   0.904478127000000   0.000463351184000
   0.907121838000000   0.000444981262000
   0.909716317000000   0.000427040250000
   0.912242632000000   0.000409664576000
   0.914613345000000   0.000393453849000
   0.916809753000000   0.000378525868000
   0.918754839000000   0.000365385972000
   0.920305468000000   0.000354968907000
   0.921317875000000   0.000348197100000
   0.922025330000000   0.000343479493000
   0.922464626000000   0.000340556225000
   0.922762752000000   0.000338575090000
   0.922964097000000   0.000337238356000
   0.923112761000000   0.000336252035000
   0.923226547000000   0.000335497488000
   0.923316937000000   0.000334898327000
   0.923389970000000   0.000334414372000
   0.923451160000000   0.000334008998000
   0.923502808000000   0.000333666915000
   0.923547124000000   0.000333373447000
   0.923586157000000   0.000333115009000
   0.923621692000000   0.000332879769000
   0.923651763000000   0.000332680719000
   0.923680420000000   0.000332491055000
   0.923705734000000   0.000332323530000
   0.923730184000000   0.000332161747000
   0.923751686000000   0.000332019477000
   0.923773188000000   0.000331877220000
   0.923792433000000   0.000331749905000
   0.923811076000000   0.000331626584000
   0.923829719000000   0.000331503272000
   0.923846503000000   0.000331392261000
   0.923863246000000   0.000331281534000
   0.923879988000000   0.000331170815000
   0.923895936000000   0.000331065359000
   0.923911740000000   0.000330960856000
   0.923927545000000   0.000330856360000
   0.923943363000000   0.000330751777000
   0.923959194000000   0.000330647120000
   0.923975025000000   0.000330542470000
   0.923991073000000   0.000330436384000
   0.924007894000000   0.000330325203000
   0.924024715000000   0.000330214029000
   0.924041740000000   0.000330101517000
   0.924060512000000   0.000329977464000
   0.924079284000000   0.000329853421000
   0.924098964000000   0.000329723387000
   0.924120644000000   0.000329580152000
   0.924142324000000   0.000329436929000
   0.924167455000000   0.000329270921000
   0.924192992000000   0.000329102247000
   0.924222572000000   0.000328906899000
   0.924253564000000   0.000328702243000
   0.924289629000000   0.000328464125000
   0.924330088000000   0.000328197030000
   0.924376076000000   0.000327893493000
   0.924429636000000   0.000327540046000
   0.924492968000000   0.000327122219000
   0.924568977000000   0.000326620892000
   0.924663632000000   0.000325996800000
   0.924784014000000   0.000325203431000
   0.924941801000000   0.000324164148000
   0.925194526000000   0.000322500949000
   0.925495074000000   0.000320525318000
   0.925980825000000   0.000317337575000
   0.926697189000000   0.000312648649000
   0.927876935000000   0.000304959287000
   0.929408388000000   0.000295040539000
   0.931290423000000   0.000282953825000
   0.933446160000000   0.000269257268000
   0.935689429000000   0.000255183982000
   0.938001506000000   0.000240884476000
   0.940359834000000   0.000226529463000
   0.942717662000000   0.000212427065000
   0.945074106000000   0.000198599922000
   0.947398136000000   0.000185242333000
   0.949695359000000   0.000172329572000
   0.951937656000000   0.000160022094000
   0.954080722000000   0.000148549645000
   0.956140781000000   0.000137804404000
   0.957980450000000   0.000128455365000
   0.959531394000000   0.000120762789000
   0.960774317000000   0.000114727749000
   0.961591730000000   0.000110823584000
   0.962214955000000   0.000107882221000
   0.962584170000000   0.000106154295000
   0.962834396000000   0.000104989488000
   0.963015148000000   0.000104151243000
   0.963151402000000   0.000103521116000
   0.963256980000000   0.000103033903000
   0.963340427000000   0.000102649459000
   0.963410011000000   0.000102329324000
   0.963467505000000   0.000102065114000
   0.963516644000000   0.000101839511000
   0.963558325000000   0.000101648305000
   0.963594788000000   0.000101481156000
   0.963627999000000   0.000101329007000
   0.963657101000000   0.000101195760000
   0.963683602000000   0.000101074479000
   0.963707730000000   0.000100964112000
   0.963730301000000   0.000100860910000
   0.963750348000000   0.000100769286000
   0.963770394000000   0.000100677695000
   0.963787884000000   0.000100597812000
   0.963804751000000   0.000100520799000
   0.963821618000000   0.000100443809000
   0.963836803000000   0.000100374517000
   0.963851400000000   0.000100307928000
   0.963865997000000   0.000100241356000
   0.963880320000000   0.000100176047000
   0.963893561000000   0.000100115693000
   0.963906801000000   0.000100055354000
   0.963920041000000   0.000099995029800
   0.963933149000000   0.000099935318900
   0.963945950000000   0.000099877026100
   0.963958750000000   0.000099818747100
   0.963971550000000   0.000099760481600
   0.963984476000000   0.000099701659200
   0.963997754000000   0.000099641249200
   0.964011032000000   0.000099580853900
   0.964024310000000   0.000099520473400
   0.964038105000000   0.000099457755100
   0.964052776000000   0.000099391073200
   0.964067447000000   0.000099324409300
   0.964082118000000   0.000099257763300
   0.964098747000000   0.000099182241200
   0.964115723000000   0.000099105170000
   0.964132699000000   0.000099028122900
   0.964152264000000   0.000098939355800
   0.964172451000000   0.000098847799500
   0.964193653000000   0.000098751679600
   0.964217949000000   0.000098641575700
   0.964242846000000   0.000098528798900
   0.964272139000000   0.000098396177700
   0.964303526000000   0.000098254157700
   0.964338691000000   0.000098095137400
   0.964379832000000   0.000097909230200
   0.964426689000000   0.000097697660400
   0.964481297000000   0.000097451334500
   0.964545794000000   0.000097160717100
   0.964625360000000   0.000096802689600
   0.964723240000000   0.000096362991300
   0.964847932000000   0.000095804023300
   0.965018872000000   0.000095039885200
   0.965260929000000   0.000093962115700
   0.965625827000000   0.000092346919600
   0.966096056000000   0.000090282521900
   0.966813303000000   0.000087171071500
   0.967898394000000   0.000082551317900
   0.969303157000000   0.000076730814300
   0.970923042000000   0.000070250553600
   0.972790374000000   0.000063099718600
   0.974701049000000   0.000056151324900
   0.976666651000000   0.000049408778400
   0.978626734000000   0.000043112416500
   0.980578059000000   0.000037286151600
   0.982444671000000   0.000032142628800
   0.984233107000000   0.000027624458800
   0.985903389000000   0.000023780588600
   0.987320418000000   0.000020813697900
   0.988514536000000   0.000018529329900
   0.989464203000000   0.000016856903000
   0.990084054000000   0.000015835538400
   0.990506093000000   0.000015172287700
   0.990801480000000   0.000014723715900
   0.991013823000000   0.000014409262600
   0.991171857000000   0.000014179599500
   0.991293122000000   0.000014005905200
   0.991388972000000   0.000013870175900
   0.991466352000000   0.000013761609000
   0.991530630000000   0.000013672108900
   0.991584316000000   0.000013597836100
   0.991629899000000   0.000013535114500
   0.991669786000000   0.000013480487800
   0.991705749000000   0.000013431441200
   0.991735515000000   0.000013390993200
   0.991764671000000   0.000013351505700
   0.991788334000000   0.000013319551500
   0.991811998000000   0.000013287682200
   0.991832547000000   0.000013260076000
   0.991851562000000   0.000013234586800
   0.991870578000000   0.000013209152500
   0.991886930000000   0.000013187325000
   0.991902320000000   0.000013166817600
   0.991917711000000   0.000013146346200
   0.991932821000000   0.000013126283000
   0.991945621000000   0.000013109314000
   0.991958422000000   0.000013092369900
   0.991971222000000   0.000013075450700
   0.991984022000000   0.000013058556400
   0.991995665000000   0.000013043211500
   0.992006917000000   0.000013028400500
   0.992018170000000   0.000013013608700
   0.992029423000000   0.000012998836200
   0.992040675000000   0.000012984083100
   0.992051534000000   0.000012969864800
   0.992062286000000   0.000012955803400
   0.992073038000000   0.000012941759600
   0.992083790000000   0.000012927733400
   0.992094542000000   0.000012913724800
   0.992105622000000   0.000012899308600
   0.992116922000000   0.000012884624100
   0.992128222000000   0.000012869959000
   0.992139522000000   0.000012855313300
   0.992150823000000   0.000012840687200
   0.992163171000000   0.000012824727300
   0.992176065000000   0.000012808086400
   0.992188959000000   0.000012791470900
   0.992201853000000   0.000012774880800
   0.992215613000000   0.000012757205300
   0.992231140000000   0.000012737293800
   0.992246667000000   0.000012717419100
   0.992262194000000   0.000012697581400
   0.992280409000000   0.000012674356500
   0.992299598000000   0.000012649944500
   0.992318787000000   0.000012625588800
   0.992341836000000   0.000012596408200
   0.992365703000000   0.000012566279000
   0.992392331000000   0.000012532766500
   0.992421872000000   0.000012495715000
   0.992455385000000   0.000012453843100
   0.992492810000000   0.000012407288200
   0.992551380000000   0.000012334861700
   0.992609950000000   0.000012262962800
   0.992668520000000   0.000012191592300
   0.992727090000000   0.000012120750700
   0.992835320000000   0.000011991238000
   0.992948277000000   0.000011858001200
   0.993090497000000   0.000011693061400
   0.993279259000000   0.000011479002600
   0.993544404000000   0.000011187717600
   0.993904567000000   0.000010809718200
   0.994404414000000   0.000010319099000
   0.995057745000000   0.000009737966970
   0.995857103000000   0.000009120810080
   0.996635196000000   0.000008620701690
   0.997386271000000   0.000008233530270
   0.997951899000000   0.000008004751670
   0.998367308000000   0.000007871473130
   0.998669074000000   0.000007793254740
   0.998890751000000   0.000007745826990
   0.999056249000000   0.000007715982550
   0.999183175000000   0.000007696326920
   0.999283482000000   0.000007682783800
   0.999365456000000   0.000007673023460
   0.999433698000000   0.000007665796360
   0.999487754000000   0.000007660651720
   0.999538574000000   0.000007656283160
   0.999577205000000   0.000007653266290
   0.999615835000000   0.000007650512030
   0.999646813000000   0.000007648493230
   0.999674410000000   0.000007646837180
   0.999702007000000   0.000007645315400
   0.999726920000000   0.000007644056970
   0.999746148000000   0.000007643160620
   0.999765376000000   0.000007642329530
   0.999784604000000   0.000007641563740
   0.999803831000000   0.000007640863250
   0.999820362000000   0.000007640313280
   0.999833965000000   0.000007639896910
   0.999847569000000   0.000007639513260
   0.999861172000000   0.000007639162350
   0.999874776000000   0.000007638844170
   0.999888379000000   0.000007638558740
   0.999901983000000   0.000007638306070
   0.999913785000000   0.000007638113390
   0.999924562000000   0.000007637959000
   0.999935339000000   0.000007637825190
   0.999946116000000   0.000007637711950
   0.999956893000000   0.000007637619290
   0.999967669000000   0.000007637547210
   0.999978446000000   0.000007637495720
   0.999989223000000   0.000007637464830
   1.000000000000000   0.000007637454530