   1.7656249999999998E-002   0.0000000000000000        0.0000000000000000        0.0000000000000000        0.0000000000000000     
   2.5312500000000002E-002   0.0000000000000000        0.0000000000000000        0.0000000000000000        0.0000000000000000     
   3.2968749999999998E-002   0.0000000000000000        0.0000000000000000        0.0000000000000000        0.0000000000000000     
   4.0625000000000001E-002   0.0000000000000000        0.0000000000000000        0.0000000000000000        0.0000000000000000     
   4.8281250000000005E-002   0.0000000000000000        0.0000000000000000        0.0000000000000000        0.0000000000000000     
   5.5937500000000001E-002   0.0000000000000000        0.0000000000000000        0.0000000000000000        0.0000000000000000     
   6.3593749999999991E-002   0.0000000000000000        0.0000000000000000        0.0000000000000000        0.0000000000000000     
   7.1249999999999994E-002   0.0000000000000000        0.0000000000000000        0.0000000000000000        0.0000000000000000     
   7.8906249999999997E-002   0.0000000000000000        0.0000000000000000        0.0000000000000000        0.0000000000000000     
   8.6562500000000001E-002   0.0000000000000000        0.0000000000000000        0.0000000000000000        0.0000000000000000     
   9.4218749999999990E-002   0.0000000000000000        0.0000000000000000        0.0000000000000000        0.0000000000000000     
  0.10187499999999999        0.0000000000000000        0.0000000000000000        0.0000000000000000        0.0000000000000000     
  0.10953125000000000        0.0000000000000000        0.0000000000000000        0.0000000000000000        0.0000000000000000     
  0.11718749999999999        0.0000000000000000        0.0000000000000000        0.0000000000000000        0.0000000000000000     
  0.12484374999999999        0.0000000000000000        0.0000000000000000        0.0000000000000000        0.0000000000000000     
  0.13250000000000001        0.0000000000000000        0.0000000000000000        0.0000000000000000        0.0000000000000000     
  0.14015625000000001        0.0000000000000000        0.0000000000000000        0.0000000000000000        0.0000000000000000     
  0.14781250000000001        0.0000000000000000        0.0000000000000000        0.0000000000000000        0.0000000000000000     
  0.15546875000000002        0.0000000000000000        0.0000000000000000        0.0000000000000000        0.0000000000000000     
  0.16312500000000002        0.0000000000000000        0.0000000000000000        0.0000000000000000        0.0000000000000000     
  0.17078125000000000        0.0000000000000000        0.0000000000000000        0.0000000000000000        0.0000000000000000     
  0.17843750000000000        0.0000000000000000        0.0000000000000000        0.0000000000000000        0.0000000000000000     
  0.18609375000000000        0.0000000000000000        0.0000000000000000        0.0000000000000000        0.0000000000000000     
  0.19375000000000001        0.0000000000000000        0.0000000000000000        0.0000000000000000        0.0000000000000000     
  0.20140625000000001        0.0000000000000000        0.0000000000000000        0.0000000000000000        0.0000000000000000     
  0.20906250000000001        0.0000000000000000        0.0000000000000000        0.0000000000000000        0.0000000000000000     
  0.21671875000000002        0.0000000000000000        0.0000000000000000        0.0000000000000000        0.0000000000000000     
  0.22437500000000002        0.0000000000000000        0.0000000000000000        0.0000000000000000        0.0000000000000000     
  0.23203124999999997        0.0000000000000000        0.0000000000000000        0.0000000000000000        0.0000000000000000     
  0.23968749999999997        0.0000000000000000        0.0000000000000000        0.0000000000000000        0.0000000000000000     
  0.24734375000000000        0.0000000000000000        0.0000000000000000        0.0000000000000000        0.0000000000000000     
  0.25500000000000000        0.0000000000000000        0.0000000000000000        0.0000000000000000        0.0000000000000000     
  0.26265624999999998        0.0000000000000000        0.0000000000000000        0.0000000000000000        0.0000000000000000     
  0.27031250000000001        0.0000000000000000        0.0000000000000000        0.0000000000000000        0.0000000000000000     
  0.27796874999999999        0.0000000000000000        0.0000000000000000        0.0000000000000000        0.0000000000000000     
  0.28562500000000002        0.0000000000000000        0.0000000000000000        0.0000000000000000        0.0000000000000000     
  0.29328124999999999        0.0000000000000000        0.0000000000000000        0.0000000000000000        0.0000000000000000     
  0.30093750000000002        0.0000000000000000        0.0000000000000000        0.0000000000000000        0.0000000000000000     
  0.30859375000000000        0.0000000000000000        0.0000000000000000        0.0000000000000000        0.0000000000000000     
  0.31625000000000003        0.0000000000000000        0.0000000000000000        0.0000000000000000        0.0000000000000000     
  0.32390625000000001        0.0000000000000000        0.0000000000000000        0.0000000000000000        0.0000000000000000     
  0.33156249999999998        0.0000000000000000        0.0000000000000000        0.0000000000000000        0.0000000000000000     
  0.33921875000000001        0.0000000000000000        0.0000000000000000        0.0000000000000000        0.0000000000000000     
  0.34687499999999999        0.0000000000000000        0.0000000000000000        0.0000000000000000        0.0000000000000000     
  0.35453125000000002        0.0000000000000000        0.0000000000000000        0.0000000000000000        0.0000000000000000     
  0.36218750000000000        0.0000000000000000        0.0000000000000000        0.0000000000000000        0.0000000000000000     
  0.36984375000000003        0.0000000000000000        0.0000000000000000        0.0000000000000000        0.0000000000000000     
  0.37750000000000000        0.0000000000000000        0.0000000000000000        0.0000000000000000        0.0000000000000000     
  0.38515624999999998        0.0000000000000000        0.0000000000000000        0.0000000000000000        0.0000000000000000     
  0.39281250000000001        0.0000000000000000        0.0000000000000000        0.0000000000000000        0.0000000000000000     
  0.40046874999999998        0.0000000000000000        0.0000000000000000        0.0000000000000000        0.0000000000000000     
  0.40812500000000002        0.0000000000000000        0.0000000000000000        0.0000000000000000        0.0000000000000000     
  0.41578124999999999        0.0000000000000000        0.0000000000000000        0.0000000000000000        0.0000000000000000     
  0.42343750000000002        0.0000000000000000        0.0000000000000000        0.0000000000000000        0.0000000000000000     
  0.43109375000000000        0.0000000000000000        0.0000000000000000        0.0000000000000000        0.0000000000000000     
  0.43874999999999992        0.0000000000000000        0.0000000000000000        0.0000000000000000        0.0000000000000000     
  0.44640625000000000        0.0000000000000000        0.0000000000000000        0.0000000000000000        0.0000000000000000     
  0.45406249999999998        0.0000000000000000        0.0000000000000000        0.0000000000000000        0.0000000000000000     
  0.46171875000000001        0.0000000000000000        0.0000000000000000        0.0000000000000000        0.0000000000000000     
  0.46937499999999999        0.0000000000000000        0.0000000000000000        0.0000000000000000        0.0000000000000000     
  0.47703125000000002        0.0000000000000000        0.0000000000000000        0.0000000000000000        0.0000000000000000     
  0.48468749999999999        0.0000000000000000        0.0000000000000000        0.0000000000000000        0.0000000000000000     
  0.49234375000000002        0.0000000000000000        0.0000000000000000        0.0000000000000000        0.0000000000000000     
  0.50000000000000000        0.0000000000000000        0.0000000000000000        0.0000000000000000        0.0000000000000000     
  0.50765624999999992        0.0000000000000000        0.0000000000000000        0.0000000000000000        0.0000000000000000     
  0.51531249999999995        0.0000000000000000        0.0000000000000000        0.0000000000000000        0.0000000000000000     
  0.52296874999999998        0.0000000000000000        0.0000000000000000        0.0000000000000000        0.0000000000000000     
  0.53062500000000001        0.0000000000000000        0.0000000000000000        0.0000000000000000        0.0000000000000000     
  0.53828125000000004        0.0000000000000000        0.0000000000000000        0.0000000000000000        0.0000000000000000     
  0.54593749999999996        0.0000000000000000        0.0000000000000000        0.0000000000000000        0.0000000000000000     
  0.55359375000000000        0.0000000000000000        0.0000000000000000        0.0000000000000000        0.0000000000000000     
  0.56125000000000003        0.0000000000000000        0.0000000000000000        0.0000000000000000        0.0000000000000000     
  0.56890624999999995        0.0000000000000000        0.0000000000000000        0.0000000000000000        0.0000000000000000     
  0.57656249999999998        0.0000000000000000        0.0000000000000000        0.0000000000000000        0.0000000000000000     
  0.58421875000000001        0.0000000000000000        0.0000000000000000        0.0000000000000000        0.0000000000000000     
  0.59187500000000004        0.0000000000000000        0.0000000000000000        0.0000000000000000        0.0000000000000000     
  0.59953124999999996        0.0000000000000000        0.0000000000000000        0.0000000000000000        0.0000000000000000     
  0.60718749999999999        0.0000000000000000        0.0000000000000000        0.0000000000000000        0.0000000000000000     
  0.61484375000000002        0.0000000000000000        0.0000000000000000        0.0000000000000000        0.0000000000000000     
  0.62250000000000005        0.0000000000000000        0.0000000000000000        0.0000000000000000        0.0000000000000000     
  0.63015624999999997        0.0000000000000000        0.0000000000000000        0.0000000000000000        0.0000000000000000     
  0.63781250000000000        0.0000000000000000        0.0000000000000000        0.0000000000000000        0.0000000000000000     
  0.64546875000000004        0.0000000000000000        0.0000000000000000        0.0000000000000000        0.0000000000000000     
  0.65312499999999996        0.0000000000000000        0.0000000000000000        0.0000000000000000        0.0000000000000000     
  0.66078124999999999        0.0000000000000000        0.0000000000000000        0.0000000000000000        0.0000000000000000     
  0.66843750000000002        0.0000000000000000        0.0000000000000000        0.0000000000000000        0.0000000000000000     
  0.67609375000000005        0.0000000000000000        0.0000000000000000        0.0000000000000000        0.0000000000000000     
  0.68374999999999997        0.0000000000000000        0.0000000000000000        0.0000000000000000        0.0000000000000000     
  0.69140625000000000        0.0000000000000000        0.0000000000000000        0.0000000000000000        0.0000000000000000     
  0.69906250000000003        0.0000000000000000        0.0000000000000000        0.0000000000000000        0.0000000000000000     
  0.70671874999999995        0.0000000000000000        0.0000000000000000        0.0000000000000000        0.0000000000000000     
  0.71437499999999998        0.0000000000000000        0.0000000000000000        0.0000000000000000        0.0000000000000000     
  0.72203125000000001        0.0000000000000000        0.0000000000000000        0.0000000000000000        0.0000000000000000     
  0.72968750000000004        0.0000000000000000        0.0000000000000000        0.0000000000000000        0.0000000000000000     
  0.73734374999999996        0.0000000000000000        0.0000000000000000        0.0000000000000000        0.0000000000000000     
  0.74500000000000000        0.0000000000000000        0.0000000000000000        0.0000000000000000        0.0000000000000000     
  0.75265625000000003        0.0000000000000000        0.0000000000000000        0.0000000000000000        0.0000000000000000     
  0.76031249999999995        0.0000000000000000        0.0000000000000000        0.0000000000000000        0.0000000000000000     
  0.76796874999999998        0.0000000000000000        0.0000000000000000        0.0000000000000000        0.0000000000000000     
  0.77562500000000001        0.0000000000000000        0.0000000000000000        0.0000000000000000        0.0000000000000000     
  0.78328125000000004        0.0000000000000000        0.0000000000000000        0.0000000000000000        0.0000000000000000     
  0.79093749999999996        0.0000000000000000        0.0000000000000000        0.0000000000000000        0.0000000000000000     
  0.79859374999999999        0.0000000000000000        0.0000000000000000        0.0000000000000000        0.0000000000000000     
  0.80625000000000002        0.0000000000000000        0.0000000000000000        0.0000000000000000        0.0000000000000000     
  0.81390624999999994        0.0000000000000000        0.0000000000000000        0.0000000000000000        0.0000000000000000     
  0.82156249999999997        0.0000000000000000        0.0000000000000000        0.0000000000000000        0.0000000000000000     
  0.82921875000000000        0.0000000000000000        0.0000000000000000        0.0000000000000000        0.0000000000000000     
  0.83687500000000004        0.0000000000000000        0.0000000000000000        0.0000000000000000        0.0000000000000000     
  0.84453124999999996        0.0000000000000000        0.0000000000000000        0.0000000000000000        0.0000000000000000     
  0.85218749999999999        0.0000000000000000        0.0000000000000000        0.0000000000000000        0.0000000000000000     
  0.85984375000000002        0.0000000000000000        0.0000000000000000        0.0000000000000000        0.0000000000000000     
  0.86749999999999994        0.0000000000000000        0.0000000000000000        0.0000000000000000        0.0000000000000000     
  0.87515624999999997        0.0000000000000000        0.0000000000000000        0.0000000000000000        0.0000000000000000     
  0.88281250000000011        0.0000000000000000        0.0000000000000000        0.0000000000000000        0.0000000000000000     
  0.89046875000000003        0.0000000000000000        0.0000000000000000        0.0000000000000000        0.0000000000000000     
  0.89812500000000006        0.0000000000000000        0.0000000000000000        0.0000000000000000        0.0000000000000000     
  0.90578124999999998        0.0000000000000000        0.0000000000000000        0.0000000000000000        0.0000000000000000     
  0.91343749999999990        0.0000000000000000        0.0000000000000000        0.0000000000000000        0.0000000000000000     
  0.92109375000000004        0.0000000000000000        0.0000000000000000        0.0000000000000000        0.0000000000000000     
  0.92875000000000008        0.0000000000000000        0.0000000000000000        0.0000000000000000        0.0000000000000000     
  0.93640625000000000        0.0000000000000000        0.0000000000000000        0.0000000000000000        0.0000000000000000     
  0.94406249999999992        0.0000000000000000        0.0000000000000000        0.0000000000000000        0.0000000000000000     
  0.95171874999999995        0.0000000000000000        0.0000000000000000        0.0000000000000000        0.0000000000000000     
  0.95937500000000009        0.0000000000000000        0.0000000000000000        0.0000000000000000        0.0000000000000000     
  0.96703125000000001        0.0000000000000000        0.0000000000000000        0.0000000000000000        0.0000000000000000     
  0.97468750000000004        0.0000000000000000        0.0000000000000000        0.0000000000000000        0.0000000000000000     
  0.98234374999999996        0.0000000000000000        0.0000000000000000        0.0000000000000000        0.0000000000000000     
