           1  0.15128265799470231     
           2  0.20774757274330016     
           3  0.25524099804812556     
           4  0.29771417565700142     
           5  0.33686220382002285     
           6  0.37360296365264722     
           7  0.40850294641521651     
           8  0.44193605995008634     
           9  0.47416116353273285     
          10  0.50537383972684902     
          11  0.53571789924103319     
          12  0.56531414307050720     
          13  0.59425461006877522     
          14  0.62260832937596200     
          15  0.65044433013219682     
          16  0.67780518321688277     
          17  0.70474150127046875     
          18  0.73128895807766481     
          19  0.75747401189919350     
          20  0.78333692973346314     
          21  0.80888921643716094     
          22  0.83415963415200656     
          23  0.85917119259137575     
          24  0.88392964418361220     
          25  0.90846375107043664     
          26  0.93277351325184688     
          27  0.95688194044122066     
          28  0.98079478506690054     
          29   1.0045293044139194     
          30   1.0280854984822767     
          31   1.0514806245570036     
          32   1.0747146826381015     
          33   1.0977991775822571     
          34   1.1207398618178148     
          35   1.1435424877731175     
          36   1.1662128078765110     
          37   1.1887623269846816     
          38   1.2111852926692865     
          39   1.2334989622153569     
          40   1.2556975831945494     
          41   1.2777869080352058     
          42   1.2997669367373286     
          43   1.3216549265859483     
          44   1.3434393727243774     
          45   1.3651317800093037     
          46   1.3867379008690726     
          47   1.4082519828753373     
          48   1.4296797784564435     
          49   1.4510212876123914     
          50   1.4722880151998674     
          51   1.4934742087905291     
          52   1.5145856208127191     
          53   1.5356164988380958     
          54   1.5565783477233452     
          55   1.5774711674684658     
          56   1.5982949580734604     
          57   1.6190497195383278     
          58   1.6397412042914126     
          59   1.6603636599043707     
          60   1.6809285912338878     
          61   1.7014302458516231     
          62   1.7218686237575742     
          63   1.7422552298084306     
          64   1.7625785591475054     
          65   1.7828443642031395     
          66   1.8030583974036787     
          67   1.8232206587491218     
          68   1.8433253958111269     
          69   1.8633783610180350     
          70   1.8833795543698497     
          71   1.9033289758665684     
          72   1.9232323779365348     
          73   1.9430840081514065     
          74   1.9628896189395273     
          75   1.9826434578725520     
          76   2.0023570298071705     
          77   2.0220188298866923     
          78   2.0416403629678079     
          79   2.0612158766221711     
          80   2.0807453708497845     
          81   2.1002288456506446     
          82   2.1196778058814418     
          83   2.1390807466854893     
          84   2.1584376680627835     
          85   2.1777600748700148     
          86   2.1970364622504945     
          87   2.2162783350609110     
          88   2.2354741884445746     
          89   2.2546355272581771     
          90   2.2737565990733715     
          91   2.2928431563185017     
          92   2.3118836941368799     
          93   2.3308954698135409     
          94   2.3498612260634473     
          95   2.3687982201716360     
          96   2.3876949472814153     
          97   2.4065571598211353     
          98   2.4253791053624441     
          99   2.4441722887620352     
         100   2.4629252051632173     
         101   2.4816493594226818     
         102   2.5003332466837369     
         103   2.5189826193747309     
         104   2.5376032299240014     
         105   2.5561835734748675     
         106   2.5747351548840114     
         107   2.5932522217230964     
         108   2.6117347739921142     
         109   2.6301885641194125     
         110   2.6486078396766493     
         111   2.6669983530921644     
         112   2.6853485995092723     
         113   2.7036758362130047     
         114   2.7219685583466746     
         115   2.7402267659102817     
         116   2.7584562113321671     
         117   2.7766511421839901     
         118   2.7948230633224367     
         119   2.8129604698908177     
         120   2.8310633618891399     
         121   2.8491374917457377     
         122   2.8671828594606215     
         123   2.8851994650337831     
         124   2.9031873084652227     
         125   2.9211406373266020     
         126   2.9390709564746018     
         127   2.9569667610525427     
         128   2.9748336885059898     
         129   2.9926717387003214     
