  0.10000000000000001        4.8424989718796892E-002   26772.539775809295        24302.918607494605        21833.297439179903        19363.676270865210        16894.055102550519        14424.433934235823        11954.812765921130        9485.1915976064338        7015.5704292917389        4545.9492609770450        2076.3280926623502        393.29307565234410        2862.9142439670386        5332.5354122817334        7802.1565805964274        10271.777748911121        12741.398917225815        15211.020085540513        17680.641253855207        20150.262422169897        22619.883590484591     
  0.13287682265918310        6.7140719276427702E-002   24723.571029968720        22458.554408267348        20193.537786565972        17928.521164864593        15663.504543163217        13398.487921461845        11133.471299760467        8868.4546780590954        6603.4380563577197        4338.4214346563449        2073.4048129549706        191.61180874640451        2456.6284304477790        4721.6450521491543        6986.6616738505290        9251.6782955519047        11516.694917253279        13781.711538954654        16046.728160656030        18311.744782357404        20576.761404058776     
  0.15909902576697318        8.2694368742742205E-002   23246.565424575208        21130.558286752534        19014.551148929851        16898.544011107177        14782.536873284502        12666.529735461823        10550.522597639145        8434.5154598164681        6318.5083219937906        4202.5011841711130        2086.4940463484354        29.513091474242046        2145.5202292969193        4261.5273671195973        6377.5345049422749        8493.5416427649525        10609.548780587631        12725.555918410309        14841.563056232984        16957.570194055661        19073.577331878339     
  0.18157298807917438        9.6608501733897803E-002   22074.833304680997        20076.583351381483        18078.333398081973        16080.083444782462        14081.833491482954        12083.583538183444        10085.333584883934        8087.0836315844217        6088.8336782849110        4090.5837249854003        2092.3337716858900        94.083818386379789        1904.1661349131307        3902.4160882126412        5900.6660415121523        7898.9159948116612        9897.1659481111710        11895.415901410681        13893.665854710191        15891.915808009702        17890.165761309214     
  0.20155644370746376       0.10941633984228059        21111.579167977423        19210.304698187596        17309.030228397773        15407.755758607942        13506.481288818113        11605.206819028290        9703.9323492384610        7802.6578794486340        5901.3834096588052        4000.1089398689796        2098.8344700791527        197.56000028932584        1703.7144695005013        3604.9889392903283        5506.2634090801557        7407.5378788699827        9308.8123486598088        11210.086818449638        13111.361288239465        15012.635758029292        16913.910227819120     
  0.21972994789058684       0.12143236593954707        20290.037353142907        18471.459493127462        16652.881633112018        14834.303773096573        13015.725913081127        11197.148053065685        9378.5701930502401        7559.9923330347956        5741.4144730193530        3922.8366130039085        2104.2587529884649        285.68089297302123        1532.8969670424226        3351.4748270578666        5170.0526870733111        6988.6305470887546        8807.2084071041972        10625.786267119642        12444.364127135088        14262.941987150531        16081.519847165970     
  0.23651109910530627       0.13284173327453705        19568.026049007254        17822.072179657993        16076.118310308722        14330.164440959457        12584.210571610191        10838.256702260922        9092.3028329116569        7346.3489635623882        5600.3950942131214        3854.4412248638537        2108.4873555145869        362.53348616531974        1383.4203831839475        3129.3742525332145        4875.3281218824814        6621.2819912317491        8367.2358605810168        10113.189729930284        11859.143599279550        13605.097468628817        15351.051337978086     
  0.25217801252290017       0.14376879761353165        18921.043005732132        17240.077997223150        15559.112988714172        13878.147980205193        12197.182971696213        10516.217963187235        8835.2529546782534        7154.2879461692755        5473.3229376602976        3792.3579291513192        2111.3929206423404        430.42791213336159        1250.5370963756175        2931.5021048845965        4612.4671133935763        6293.4321219025542        7974.3971304115348        9655.3621389205127        11336.327147429491        13017.292155938470        14698.257164447448     
  0.26692695630078278       0.15430055615076807        18334.786219468962        16712.630224123735        15090.474228778507        13468.318233433278        11846.162238088049        10224.006242742822        8601.8502473975932        6979.6942520523644        5357.5382567071356        3735.3822613619072        2113.2262660166784        491.07027067144958        1131.0857246737789        2753.2417200190071        4375.3977153642354        5997.5537107094642        7619.7097060546921        9241.8657013999200        10864.021696745151        12486.177692090378        14108.333687435606     
  0.28090256317805290       0.16450099223103468        17799.405204197181        16230.890560236841        14662.375916276502        13093.861272316162        11525.346628355823        9956.8319843954832        8388.3173404351455        6819.8026964748051        5251.2880525144665        3682.7734085541274        2114.2587645937883        545.74412063344903        1022.7705233268900        2591.2851672872293        4159.7998112475680        5728.3144552079075        7296.8290991682461        8865.3437431285874        10433.858387088925        12002.373031049265        13570.887675009604     
  0.29421505739849552       0.17441869024206941        17309.278577893641        15789.839711223736        14270.400844553826        12750.961977883921        11231.523111214014        9712.0842445441049        8192.6453778741998        6673.2065112042919        5153.7676445343859        3634.3287778644785        2114.8899111945711        595.45104452466398        923.98782214524340        2443.4266888151510        3962.8655554850575        5482.3044221549653        7001.7432888248732        8521.1821554947801        10040.621022164687        11560.059888834594        13079.498755504501     
  0.30695072894521686       0.18409153819537424        16860.986000028526        15386.447451369835        13911.908902711148        12437.370354052458        10962.831805393767        9488.2932567350763        8013.7547080763879        6539.2161594176969        5064.6776107590085        3590.1390621003188        2115.6005134416287        641.06196478293930        833.47658387575018        2308.0151325344400        3782.5536811931293        5257.0922298518190        6731.6307785105073        8206.1693271691965        9680.7078758278876        11155.246424486579        12629.784973145264     
  0.31917863337009261       0.19354978020291147        16452.042892832778        15018.521733168025        13585.000573503268        12151.479413838513        10717.958254173760        9284.4370945090031        7850.9159348442490        6417.3947751794931        4983.8736155147399        3550.3524558499848        2116.8312961852293        683.31013652047432        750.21102314428060        2183.7321828090357        3617.2533424737912        5050.7745021385454        6484.2956618033013        7917.8168214680572        9351.3379811328123        10784.859140797569        12218.380300462322     
  0.33095505737184316       0.20281800094038041        16077.038056071777        14681.187065781729        13285.336075491679        11889.485085201630        10493.634094911582        9097.7831046215324        7701.9321143314828        6306.0811240414323        4910.2301337513827        3514.3791434613331        2118.5281531712831        722.67716288123347        673.17382740881635        2069.0248176988662        3464.8758079889158        4860.7267982789654        6256.5777885690159        7652.4287788590646        9048.2797691491141        10444.130759439166        11839.981749729217     
  0.34232659844072882       0.21191649449935759        15728.692352179765        14367.848225981512        13007.004099783257        11646.159973585001        10285.315847386750        8924.4717211884927        7563.6275949902383        6202.7834687919849        4841.9393425937296        3481.0952163954753        2120.2510901972205        759.40696399896592        601.43716219928865        1962.2812883975434        3323.1254145957973        4683.9695407940517        6044.8136669923069        7405.6577931905613        8766.5019193888165        10127.346045587070        11488.190171785325     
  0.35333235062756424       0.22086224686703901        15400.877623414841        14072.949158423351        12745.020693431861        11417.092228440375        10089.163763448883        8761.2352984573936        7433.3068334659047        6105.3783684744176        4777.4499034829269        3449.5214384914384        2121.5929734999490        793.66450850846013        534.26395648302889        1862.1924214745179        3190.1208864660071        4518.0493514574973        5845.9778164489853        7173.9062814404742        8501.8347464319631        9829.7632114234530        11157.691676414943     
  0.36400549446402591       0.22966965012238469        15089.771445690516        13793.030128602202        12496.288811513890        11199.547494425580        9902.8061773372683        8606.0648602489546        7309.3235431606427        6012.5822260723307        4715.8409089840197        3419.0995918957069        2122.3582748073945        825.61695771908239        471.12435936922964        1767.8656764575417        3064.6069935458536        4361.3483106341664        5658.0896277224774        6954.8309448107902        8251.5722618991022        9548.3135789874141        10845.054896075724     
  0.37437447829679843       0.23835099706967222        14795.667030497181        13528.386668487206        12261.106306477232        10993.825944467260        9726.5455824572837        8459.2652204473070        7191.9848584373340        5924.7044964273591        4657.4241344173843        3390.1437724074090        2122.8634103974346        855.58304838745960        411.69731362251520        1678.9776756324898        2946.2580376424648        4213.5383996524388        5480.8187616624155        6748.0991236723885        8015.3794856823633        9282.6598476923373        10549.940209702312     
  0.38446391248074246       0.24691688132471420        14519.461722238702        13279.865781729597        12040.269841220488        10800.673900711381        9561.0779602022722        8321.4820196931651        7081.8860791840571        5842.2901386749490        4602.6941981658420        3363.0982576567344        2123.5023171476269        883.90637663851885        355.68956387058876        1595.2855043796965        2834.8814448888047        4074.4773853979123        5314.0733259070203        6553.6692664161274        7793.2652069252354        9032.8611474343452        10272.457087943452     
  0.39429525738968763       0.25537653907034696        14261.714570428307        13048.004877337400        11834.295184246494        10620.585491155589        9406.8757980646806        8193.1661049737777        6979.4564118828712        5765.7467187919656        4552.0370257010582        3338.3273326101530        2124.6176395192469        910.90794642834089        302.80174666256505        1516.5114397534710        2730.2211328443768        3943.9308259352829        5157.6405190261885        6371.3502121170932        7585.0599052079988        8798.7695982989062        10012.479291389811     
  0.40388736053508784       0.26373805524724475        14020.899378507605        12831.429917402804        11641.960456298008        10452.490995193208        9263.0215340884079        8073.5520729836098        6884.0826118788109        5694.6131507740129        4505.1436896692130        3315.6742285644141        2126.2047674596161        936.73530635481700        252.73415474998183        1442.2036158547803        2631.6730769595792        3821.1425380643777        5010.6119991691767        6200.0814602739756        7389.5509213787745        8579.0203824835717        9768.4898435883715     
  0.41325688137041350       0.27200854888802417        13793.802838619869        12627.221301360587        11460.639764101305        10294.058226842018        9127.4766895827361        7960.8951523234527        6794.3136150641685        5627.7320778048843        4461.1505405456010        3294.5690032863181        2127.9874660270339        961.40592876775042        205.17560849153332        1371.7571457508170        2538.3386830101008        3704.9202202693837        4871.5017575286683        6038.0832947879526        7204.6648320472350        8371.2463693065201        9537.8279065658044     
  0.42241863121789502       0.28019436513136836        13577.497551515695        12432.716771615189        11287.935991714687        10143.155211814183        8998.3744319136786        7853.5936520131745        6708.8128721126695        5564.0320922121655        4419.2513123116614        3274.4705324111574        2129.6897525106533        984.90897261014948        159.87180729035455        1304.6525871908589        2449.4333670913625        3594.2141469918665        4738.9949268923692        5883.7757067928733        7028.5564866933782        8173.3372665938823        9318.1180464943864     
  0.43138584816843495       0.28830113994145734        13369.629874097618        12245.773151631374        11121.916429165130        9998.0597066988885        8874.2029842326465        7750.3462617664045        6626.4895393001625        5502.6328168339187        4378.7760943676767        3254.9193719014343        2131.0626494351914        1007.2059269689488        116.65079549729391        1240.5075179635367        2364.3642404297789        3488.2209628960222        4612.0776853622647        5735.9344078285058        6859.7911302947496        7983.6478527609925        9107.5045752272345     
  0.44017042154147523       0.29633391965215067        13169.077022098929        12065.375121053235        10961.673220007540        9857.9713189618469        8754.2694179161554        7650.5675168704611        6546.8656158247668        5443.1637147790743        4339.4618137333791        3235.7599126876858        2132.0580116419924        1028.3561105962983        75.345790449395409        1179.0476914950891        2282.7495925407829        3386.4514935864759        4490.1533946321697        5593.8552956778640        6697.5571967235583        7801.2590977692507        8904.9609988149441     
  0.44878307677540608       0.30429726188637335        12975.515905657301        11891.236222428235        10806.956539199169        9722.6768559701031        8638.3971727410390        7554.1174895119730        6469.8378062829070        5385.5581230538410        4301.2784398247759        3216.9987565957103        2132.7190733666453        1048.4393901375797        35.840293091485847        1120.1199763205516        2204.3996595496174        3288.6793427786829        4372.9590260077484        5457.2387092368135        6541.5183924658795        7625.7980756949455        8710.0777589240097     
  0.45723352895429709       0.31219527496262112        12788.459259367239        11722.919528587956        10657.379797808670        9591.8400670293850        8526.3003362501022        7460.7606054708185        6395.2208746915339        5329.6811439122503        4264.1414131329666        3198.6016823536820        2133.0619515743979        1067.5222207951135        1.9824900158294332        1063.5572407634545        2129.0969715427386        3194.6367023220237        4260.1764331013064        5325.7161638805910        6391.2558946598747        7456.7956254391593        8522.3353562184438     
  0.46553061123840184       0.32003169557756600        12607.964915493068        11560.487138083698        10513.009360674327        9465.5315832649558        8418.0538058555849        7370.5760284462140        6323.0982510368431        5275.6204736274722        4228.1426962181013        3180.6649188087308        2133.1871413993599        1085.7093639899888        38.231586580617751        1009.2461908287531        2056.7239682381246        3104.2017456474950        4151.6795230568659        5199.1573004662378        6246.6350778756096        7294.1128552849796        8341.5906326943514     
  0.47368238303741045       0.32780991629570166        12435.483061685163        11405.276708117375        10375.070354549589        9344.8640009818009        8314.6576474140111        7284.4512938462249        6254.2449402784359        5224.0385867106497        4193.8322331428617        3163.6258795750741        2133.4195260072865        1103.2131724394987        73.006818871711005        957.19953469607685        1987.4058882638644        3017.6122418316522        4047.8185953994403        5078.0249489672287        6108.2313025350149        7138.4376561028039        8168.6440096705919     
  0.48169622169994231       0.33553303808345042        12272.977052628465        11259.099250538247        10245.221448448030        9231.3436463578128        8217.4658442675936        7203.5880421773772        6189.7102400871581        5175.8324379969399        4161.9546359067226        3148.0768338165044        2134.1990317262862        1120.3212296360682        106.44342754585017        907.43437454436787        1921.3121766345860        2935.1899787248040        3949.0677808150222        4962.9455829052404        5976.8233849954586        6990.7011870856759        8004.5789891758941     
  0.48957890068915344       0.34320390253797212        12122.167844644053        11123.543186726181        10124.918528808308        9126.2938708904348        8127.6692129725625        7129.0445550546901        6130.4198971368169        5131.7952392189436        4133.1705813010713        3134.5459233831994        2135.9212654653270        1137.2966075474544        138.67194962958180        859.95270828829075        1858.5773662061633        2857.2020241240361        3855.8266820419085        4854.4513399597818        5853.0759978776550        6851.7006557955265        7850.3253137133997     
  0.49733665660194404       0.35082511819555351        11984.340768764694        10999.799654135786        10015.258539506880        9030.7174248779756        8046.1763102490677        7061.6351956201615        6077.0940809912545        5092.5529663623483        4108.0118517334422        3123.4707371045365        2138.9296224756299        1154.3885078467235        169.84739321781723        814.69372141108909        1799.2348360399953        2783.7759506689022        3768.3170652978079        4752.8581799267140        5737.3992945556211        6721.9404091845263        7706.4815238134333     
  0.50497524691810391       0.35839909346278304        11857.978321063511        10886.486501850282        9914.9946826370560        8943.5028634238261        7972.0110442106006        7000.5192249973725        6029.0274057841443        5057.5355865709162        4086.0437673576880        3114.5519481444612        2143.0601289312326        1171.5683097180047        200.07649050477673        771.41532870845128        1742.9071479216793        2714.3989671349073        3685.8907863481354        4657.3826055613636        5628.8744247745917        6600.3662439878190        7571.8580632010471     
  0.51249999999999996       0.36592804715006816        11740.880002320242        10781.592928523214        9822.3058547261862        8863.0187809291583        7903.7317071321313        6944.4446333351034        5985.1575595380746        5025.8704857410485        4066.5834119440201        3107.2963381469931        2148.0092643499652        1188.7221905529377        229.43511675591040        729.85195704111709        1689.1390308381447        2648.4261046351721        3607.7131784321996        4567.0002522292280        5526.2873260262550        6485.5743998232811        7444.8614736203099     
  0.51991585857713551       0.37341403688302599        11630.942269929517        10683.195213666395        9735.4481574032743        8787.7011011401519        7839.9540448770322        6892.2069886139097        5944.4599323507891        4996.7128760876676        4048.9658198245456        3101.2187635614255        2153.4717072983040        1205.7246510351824        257.97759477206108        689.76946149106016        1637.5165177541815        2585.2635740173027        3533.0106302804243        4480.7576865435458        5428.5047428066682        6376.2517990697879        7323.9988553329104     
  0.52722741772407855       0.38085897731858021        11526.286122241780        10589.573626252599        9652.8611302634163        8716.1486342742355        7779.4361382850520        6842.7236422958713        5906.0111463066887        4969.2986503175061        4032.5861543283236        3095.8736583391410        2159.1611623499584        1222.4486663607763        285.73617037159414        650.97632561758815        1587.6888216067703        2524.4013175959526        3461.1138135851347        4397.8263095743159        5334.5388055634994        6271.2513015526802        7207.9637975418636     
  0.53443895816079878       0.38826463497778196        11426.239227308071        10500.114807657101        9573.9903880061265        8647.8659683551541        7721.7415487041826        6795.6171290532102        5869.4927094022369        4943.3682897512645        4017.2438701002916        3091.1194504493187        2164.9950307983468        1238.8706111473739        312.74619149640108        613.37822815457150        1539.5026478055440        2465.6270674565171        3391.7514871074891        4317.8759067584624        5244.0003264094348        6170.1247460604081        7096.2491657113806     
  0.54155447556086178       0.39563266088000115        11330.848660082191        10414.867446855334        9498.8862336284765        8582.9050204016203        7666.9238071747614        6750.9425939479033        5834.9613807210453        4918.9801674941873        4002.9989542673293        3087.0177410404704        2171.0365278136128        1255.0553145867548        339.07410135989710        576.90711186696092        1492.8883250938186        2408.8695383206768        3324.8507515475349        4240.8319647743920        5156.8131780012500        6072.7943912281080        6988.7756044549660     
  0.54857770643729231       0.40296460019174751        11240.001515960279        10333.731575006001        9427.4616340517223        8521.1916930974403        7614.9217521431610        6708.6518111888836        5802.3818702346043        4896.1119292803241        3989.8419883260453        3083.5720473717665        2177.3021064174868        1271.0321654632080        364.76222450892880        541.50771644535030        1447.7776573996298        2354.0475983539086        3260.3175393081879        4166.5874802624676        5072.8574212167468        5979.1273621710261        6885.3973031253045     
  0.55551215108222429       0.41026188331345709        11153.746133442113        10256.755674039445        9359.7652146367745        8462.7747552341043        7565.7842958314332        6668.7938364287629        5771.8033770260945        4874.8129176234233        3977.8224582207536        3080.8319988180833        2183.8415394154131        1286.8510800127428        389.86062061007266        507.12983879259747        1404.1202981952677        2301.1107575979377        3198.1012170006084        4095.0916764032781        4992.0821358059484        5889.0725952086186        6786.0630546112889     
  0.56236109396009970       0.41752585897517103        11071.858204554645        10183.738267032368        9295.6183295100909        8407.4983919878123        7519.3784544655337        6631.2585169432587        5743.1385794209800        4855.0186418987014        3966.8987043764228        3078.7787668541446        2190.6588293318669        1302.5388918095887        414.41895428731073        473.70098323496734        1361.8209207572454        2249.9408582795236        3138.0607958018018        4026.1807333240799        4914.3006708463581        5802.4206083686358        6690.5405458909145     
  0.56912762189161048       0.42475780061460189        10993.959040255520        10114.334494934285        9234.7099496130504        8355.0854042918145        7475.4608589705795        6595.8363136493426        5716.2117683281067        4836.5872230068717        3956.9626776856371        3077.3381323644012        2197.7135870431653        1318.0890417219296        438.46449640069403        441.16004892054161        1320.7845942417775        2200.4091395630135        3080.0336848842485        3959.6582302054853        4839.2827755267208        5718.9073208479567        6598.5318661691917     
  0.57581464031405105       0.43195889732172282        10919.574599622663        10048.111673497544        9176.6487473724283        8305.1858212473089        7433.7228951221923        6562.2599689970739        5690.7970428719555        4819.3341167468379        3947.8711906217200        3076.4082644966015        2204.9453383714840        1333.4824122463658        462.01948612124795        409.44344000387014        1280.9063661289881        2152.3692922541063        3023.8322183792243        3895.2951445043427        4766.7580706294602        5638.2209967545787        6509.6839228796962     
  0.58242488786108726       0.43913026533591865        10848.417630873457        9984.8084362805239        9121.1992416875928        8257.5900470946581        7393.9808525017279        6530.3716579087950        5666.7624633158621        4803.1532687229310        3939.5440741299981        3075.9348795370656        2212.3256849441332        1348.7164903512007        485.10729575826855        378.50189883466373        1242.1110934275960        2105.7202880205282        2969.3294826134606        3832.9386772063922        4696.5478717993246        5560.1570663922575        6423.7662609851905     
  0.58896094946948729       0.44627295403811590        10780.126529100889        9924.0948269258897        9068.0631247508900        8212.0314225758884        7355.9997204008887        6499.9680182258890        5643.9363160508883        4787.9046138758877        3931.8729117008866        3075.8412095258859        2219.8095073508857        1363.7778051758849        507.74610300088437        348.28559917411621        1204.3173013491169        2060.3490035241175        2916.3807056991177        3772.4124078741183        4628.4441100491194        5484.4758122241201        6340.5075143991207     
  0.59542526819072772       0.45338795071219840        10714.494155061720        9865.7825365954632        9017.0709181292077        8168.3592996629523        7319.6476811966959        6470.9360627304386        5622.2244442641850        4773.5128257979277        3924.8012073316713        3076.0895888654150        2227.3779703991590        1378.6663519329029        529.95473346664664        318.75688499960955        1167.4685034658658        2016.1801219321219        2864.8917403983778        3713.6033588646333        4562.3149773308896        5411.0265957971469        6259.7382142634024     
  0.60182015586053617       0.46047619163873549        10651.406635878695        9809.7694831958652        8968.1323305130391        8126.4951778302102        7284.8580251473804        6443.2208724645516        5601.5837197817236        4759.9465670988948        3918.3094144160668        3076.6722617332380        2235.0351090504100        1393.3979563675814        551.76080368475289        289.87634899807551        1131.5135016809038        1973.1506543637320        2814.7878070465608        3656.4249597293888        4498.0621124122181        5339.6992650950460        6181.3364177778749     
  0.60814780275850711       0.46753857103128627        10590.685775142172        9755.8938713897096        8921.1019676372489        8086.3100638847854        7251.5181601323247        6416.7262563798613        5581.9343526274006        4747.1424488749381        3912.3505451224764        3077.5586413700134        2242.7667376175514        1407.9748338650893        573.18293011262722        261.60897363983480        1096.4008773922969        1931.1927811447592        2765.9846848972211        3600.7765886496832        4435.5684924021452        5270.3603961546078        6105.1522999070694     
  0.61441028637222539       0.47457593006883192        10532.201430519141        9704.0375575936050        8875.8736846680695        8047.7098117425357        7219.5459388170002        6391.3820658914647        5563.2181929659300        4735.0543200403945        3906.8904471148599        3078.7265741893243        2250.5627012637897        1422.3988283382541        594.23495541271927        233.92891751281573        1062.0927904383507        1890.2566633638858        2718.4205362894209        3546.5844092149559        4374.7482821404919        5202.9121550660257        6031.0760279915612     
  0.62060957936532046       0.48158905915328076        10475.877199526853        9654.1321218371268        8832.3870441474010        8010.6419664576770        7188.8968887679521        6367.1518110782272        5545.4067333885041        4723.6616556987792        3901.9165780090539        3080.1715003193281        2258.4264226296036        1436.6813449398790        614.93626725015417        206.80881043957072        1028.5538881292957        1850.2989658190204        2672.0440435087453        3493.7891211984702        4315.5341988881946        5137.2792765779195        5959.0243542676444     
  0.62674755683608374       0.48857871071728182        10421.780731873889        9606.2419728495752        8790.7032138252653        7975.1644548009554        7159.6256957766445        6344.0869367523328        5528.5481777280211        4713.0094187037103        3897.4706596793990        3081.9319006550877        2266.3931416307764        1450.8543826064654        635.31562358215433        180.22313544215686        995.76189446646788        1811.3006534907793        2626.8394125150903        3442.3781715394007        4257.9169305637115        5073.4556895880232        5888.9944486123331     
  0.63282600294235691       0.49554560150147053        10369.920417139043        9560.3766821872869        8750.8329472355326        7941.2892122837784        7131.7454773320233        6322.2017423802699        5512.6580074285148        4703.1142724767597        3893.5705375250054        3084.0268025732503        2274.4830676214960        1464.9393326697418        655.39559771798713        154.14813723376736        963.69187218552179        1773.2356071372762        2582.7793420890307        3392.3230770407845        4201.8668119925387        5011.4105469442939        5820.9542818960481     
  0.63884661695903189       0.50249041248544035        10320.370246225566        9516.6063859902715        8712.8425257549770        7909.0786655196825        7105.3148052843890        6301.5509450490963        5497.7870848138018        4694.0232245785082        3890.2593643432142        3086.4955041079206        2282.7316438726270        1478.9677836373332        675.20392340203921        128.55993683325462        932.32379706854840        1736.0876573038422        2539.8515175391367        3343.6153777744298        4147.3792380097238        4951.1430982450174        5754.9069584803119     
  0.64481101882644654       0.50941378461184317        10273.120519040553        9474.9235423395385        8676.7265656385298        7878.5295889375175        7080.3326122365052        6282.1356355354947        5483.9386588344823        4685.7416821334709        3887.5447054324591        3089.3477287314477        2291.1507520304367        1492.9537753294253        694.75679862841366        103.44017807259790        901.63715477360938        1699.8341314746210        2498.0311081756327        3296.2280848766441        4094.4250615776555        4892.6220382786669        5690.8190149796792     
  0.65072075424101850       0.51631633571586122        10228.251190357312        9435.4045653905032        8642.5579404236942        7849.7113154568833        7056.8646904900743        6264.0180655232652        5471.1714405564553        4678.3248155896463        3885.4781906228363        3092.6315656560269        2299.7849406892174        1506.9383157224081        714.09169075559839        78.754934211211207        871.60155917802081        1664.4481841448301        2457.2948091116400        3250.1414340784495        4042.9880590452590        4835.8346840120685        5628.6813089788784     
  0.65657729933344477       0.52319866269698390        10185.830953072920        9398.1142106181978        8610.3974681634754        7822.6807257087539        7034.9639832540306        6247.2472407993091        5459.5304983445858        4671.8137558898634        3884.0970134351419        3096.3802709804190        2308.6635285256975        1520.9467860709751        733.23004361625294        54.486698838469337        842.20344129319164        1629.9201837479138        2417.6369262026360        3205.3536686573584        3993.0704111120799        4780.7871535668019        5568.5038960215243     
  0.66238206497458840       0.53006131760939545        10145.932485187852        9363.1208528450679        8580.3092205022840        7797.4975881595001        7014.6859558167162        6231.8743234739313        5449.0626911311474        4666.2510587883635        3883.4394264455796        3100.6277941027961        2317.8161617600113        1535.0045294172273        752.19289707444318        30.618735268341030        813.43036761112523        1596.2419999539093        2379.0536322966936        3161.8652646394776        3944.6768969822620        4727.4885293250454        5510.3001616678303     
  0.66813640074463843       0.53690482632436043        10108.612675706794        9330.4792581525198        8552.3458405982437        7774.2124230439676        6996.0790054896934        6217.9455879354182        5439.8121703811430        4661.6787528268669        3883.5453352725913        3105.4119177183152        2327.2785001640395        1549.1450826097639        771.01166505548827        7.1217524987874032        785.25517005306301        1563.3885876073386        2341.5220051616143        3119.6554227158899        3897.7888402701656        4675.9222578244407        5454.0556753787168     
  0.67384159859717774       0.54372970449997016        10073.940627936894        9300.2552893842585        8526.5699508316284        7752.8846122789928        6979.1992737263599        6205.5139351737280        5431.8285966210942        4658.1432580684605        3884.4579195158267        3110.7725809631934        2337.0872424105596        1563.4019038579261        789.71656530529287        16.031226752659503        757.65411179997386        1531.3394503526074        2305.0247889052407        3078.7101274578745        3852.3954660105073        4626.0808045631402        5399.7661431157740     
  0.67949889624634419       0.55053644721664174        10041.886720958053        9272.4232345456203        8502.9597481331857        7733.4962617207539        6964.0327753083193        6194.5692888958874        5425.1058024834556        4655.6423160710210        3886.1788296585887        3116.7153432461560        2347.2518568337227        1577.7883704212902        808.32488400885723        38.861397596424304        730.60208881600863        1500.0655752284417        2269.5290616408743        3038.9925480533075        3808.4560344657398        4577.9195208781730        5347.3830072906067     
  0.68510948030223606       0.55732552322545204        10012.507024334800        9247.0365203542187        8481.5660163736375        7716.0955123930580        6950.6250084124777        6185.1545044318982        5419.6840004513169        4654.2134964707375        3888.7429924901567        3123.2724885095763        2357.8019845289959        1592.3314805484158        826.86097656783534        61.390472587255026        704.08003139332527        1469.5505353739056        2235.0210393544858        3000.4915433350666        3765.9620473156479        4531.4325512962278        5296.9030552768081     
  0.69067448917706520       0.56409737698791973        9985.8360760371124        9224.1286742224856        8462.4212724078607        7700.7138705932348        6939.0064687786098        6177.2990669639839        5415.5916651493581        4653.8842633347313        3892.1768615201058        3130.4694597054799        2368.7620578908532        1607.0546560762275        845.34725426160173        83.639852446975780        678.06754936765014        1439.7749511822760        2201.4823529969021        2963.1897548115280        3724.8971566261534        4486.6045584407793        5248.3119602554061     
  0.69619501578221599       0.57085243060976243        9961.8467505815679        9203.6762907419470        8445.5058309023261        7687.3353710627034        6929.1649112230816        6170.9944513834616        5412.8239915438389        4654.6535317042171        3896.4830718645962        3138.3126120249740        2380.1421521853531        1621.9716923457313        863.80123250610961        105.63077266648801        652.53968717313364        1410.7101470127552        2168.8806068523768        2927.0510666919986        3685.2215265316208        4443.3919863712426        5201.5624462108644     
  0.70167211003430940       0.57759109384725860        9940.5875731527358        9185.7262614973188        8430.8649498419018        7676.0036381864829        6921.1423265310650        6166.2810148756471        5411.4197032202283        4656.5583915648103        3901.6970799093933        3146.8357682539749        2391.9744565985575        1637.1131449431398        882.25183328772198        127.39052163230387        627.47079002311398        1382.3321016785321        2137.1934133339500        2892.0547249893675        3646.9160366447863        4401.7773483002038        5156.6386599556217     
  0.70710678118654757       0.58431376427158610        9922.0256894275590        9170.2497913371553        8418.4738932467499        7666.6979951563444        6914.9220970659399        6163.1461989755344        5411.3703008851289        4659.5944027947235        3907.8185047043189        3156.0426066139139        2404.2667085235089        1652.4908104331039        900.71491234269911        148.93901425229424        602.83688383811068        1354.6127819285155        2106.3886800189202        2858.1645781093252        3609.9404761997307        4361.7163742901348        5113.4922723805403     
  0.71249999999999991       0.59102081984336874        9906.1345588050044        9157.2238947853839        8408.3132307657652        7659.4025667461447        6910.4919027265250        6161.5812387069072        5412.6705746872867        4663.7599106676671        3914.8492466480484        3165.9385826284283        2417.0279186088087        1668.1172545891895        919.20659056956981        170.29592654995025        578.61473746966919        1327.5254014892887        2076.4360655089085        2825.3467295285277        3574.2573935481473        4323.1680575677665        5072.0787215873870     
  0.71785270076806140       0.59771262021433302        9892.9118112535944        9146.6478806732957        8400.3839500929971        7654.1200195126967        6907.8560889323999        6161.5921583521003        5415.3282277718026        4669.0642971915031        3922.8003666112054        3176.5364360309072        2430.2725054506086        1684.0085748703104        937.74464429001205        191.48071370971354        554.78321687058485        1301.0471474508834        2047.3110780311815        2793.5750086114804        3539.8389391917785        4286.1028697720776        5032.3668003523762     
  0.72316578320603642       0.60438951616812375        9882.3048073070513        9138.4750302535886        8394.6452532001276        7650.8154761466649        6906.9856990932030        6163.1559220397385        5419.3261449862757        4675.4963679328139        3931.6665908793516        3187.8368138258884        2444.0070367724265        1700.1772597189643        956.34748266550162        212.51770561203904        531.31207144142354        1275.1418484948861        2018.9716255483488        2762.8014026018109        3506.6311796552741        4250.4609567087364        4994.2907337621991     
  0.72844011421667332       0.61105184228357989        9874.1352264994894        9132.5413965512926        8390.9475666030939        7649.3537366548971        6907.7599067066994        6166.1660767585017        5424.5722468103049        4682.9784168621081        3941.3845869139100        3199.7907569657127        2458.1969270175155        1716.6030970693180        975.00926712112073        233.41543717292333        508.17839277527406        1249.7722227234715        1991.3660526716687        2732.9598826198667        3474.5537125680639        4216.1475425162616        4957.7413724644593     
  0.73367652954145945       0.61769991705296701        9868.2568631719150        9128.7134755864117        8389.1700880009084        7649.6267004154051        6910.0833128299037        6170.5399252444004        5430.9965376588971        4691.4531500733947        3951.9097624878927        3212.3663749023899        2472.8229873168880        1733.2795997313851        993.73621214588275        254.19282456037996        485.35056302512260        1224.8939506106253        1964.4373381961277        2703.9807257816301        3443.5241133671339        4183.0675009526367        4922.6108885381391     
  0.73887583530658241       0.62433405255137830        9864.5161332605494        9126.8504669863632        8389.1848007121753        7651.5191344379873        6913.8534681638021        6176.1878018896141        5438.5221356154270        4700.8564693412400        3963.1908030670529        3225.5251367928659        2487.8594705186783        1750.1938042444917        1012.5281379703043        274.86247169611727        462.80319457806991        1200.4688608522572        1938.1345271264440        2675.8001934006311        3413.4658596748186        4151.1315259490057        4888.7971922231918     
  0.74403880947165657       0.63095454650406646        9862.7174301204068        9126.7724239948584        8390.8274178693082        7654.8824117437616        6918.9374056182132        6182.9923994926639        5447.0473933671155        4711.1023872415672        3975.1573811160197        3239.2123749904717        2503.2673688649243        1767.3223627393759        1031.3773566138277        295.43235048827950        440.51265563726867        1176.4576617628168        1912.4026678883649        2648.3476740139131        3384.2926801394619        4120.2376862650099        4856.1826923905583     
  0.74916620318858484       0.63756169161290499        9862.6371870140811        9128.2740208941814        8393.9108547742817        7659.5476886543802        6925.1845225344805        6190.8213564145808        5456.4581902946793        4722.0950241747796        3987.7318580548795        3253.3686919349793        2519.0055258150801        1784.6423596951795        1050.2791935752796        315.91602745537944        418.44713866452071        1152.8103047844209        1887.1734709043210        2621.5366370242209        3355.8998031441211        4090.2629692640221        4824.6261353839218     
  0.75425874207727939       0.64415576084294290        9863.9507881718982        9131.0547329271922        8398.1586776824861        7665.2626224377782        6932.3665671930694        6199.4705119483633        5466.5744567036554        4733.6784014589484        4000.7823462142414        3267.8862909695340        2534.9902357248275        1802.0941804801200        1069.1981252354128        336.30206999070555        396.59398525400167        1129.4900404987088        1862.3860957434160        2595.2821509881232        3328.1782062328302        4061.0742614775377        4793.9703167222451     
  0.75931712742437196       0.65073701978518239        9866.3948534397477        9134.8726374615417        8403.3504214833338        7671.8282055051277        6940.3059895269216        6208.7837735487155        5477.2615575705086        4745.7393415923034        4014.2171256140964        3282.6949096358903        2551.1726936576838        1819.6504776794773        1088.1282617012710        356.60604572306460        374.91617025514182        1106.4383862333482        1837.9606022115543        2569.4828181897606        3301.0050341679666        4032.5272501461736        4764.0494661243793     
  0.76434203731052242       0.65730573356305522        9869.6046916216346        9139.3901400538052        8409.1755884859722        7678.9610369181419        6948.7464853503106        6218.5319337824785        5488.3173822146473        4758.1028306468170        4027.8882790789853        3297.6737275111532        2567.4591759433215        1837.2446243754905        1107.0300728076588        376.81552123982743        353.39903032800390        1083.6135818958355        1813.8281334636667        2544.0426850314980        3274.2572365993292        4004.4717881671600        4734.6863397349916     
  0.76933412767145593       0.66386214162158064        9873.3311696005640        9144.3765561396067        8415.4219426786531        7686.4673292176949        6957.5127157567385        6228.5581022957813        5499.6034888348222        4770.6488753738677        4041.6942619129104        3312.7396484519541        2583.7850349909977        1854.8304215300407        1125.8758080690841        396.92119460812745        332.03341885282907        1060.9880323137857        1789.9426457747425        2518.8972592356990        3247.8518726966554        3976.8064861576117        4705.7610996185695     
  0.77429403329742896       0.67040648220861132        9877.3451674549196        9149.6208786233474        8421.8965897917751        7694.1723009602019        6966.4480121286288        6238.7237232970538        5510.9994344654806        4783.2751456339083        4055.5508568023342        3327.8265679707611        2600.1022791391874        1872.3779903076145        1144.6537014760411        416.92941264446785        310.79487618710544        1038.5191650186787        1766.2434538502519        2493.9677426818253        3221.6920315133989        3949.4163203449721        4677.1406091765448     
  0.77922236877543494       0.67693899566239435        9881.4752586183877        9154.9642991923683        8428.4533397663490        7701.9423803403297        6975.4314209143104        6248.9204614882910        5522.4095020622699        4795.8985426362506        4069.3875832102312        3342.8766237842110        2616.3656643581912        1889.8547049321714        1163.3437455061517        436.83278608013200        289.67817334588767        1016.1891327719073        1742.7000921979272        2469.2110516239463        3195.7220110499657        3922.2329704759863        4648.7439299020052     
  0.78411972937810970       0.68345990705720883        9885.5215275769533        9160.2215367752669        8434.9215459735788        7709.6215551718897        6984.3215643702006        6259.0215735685124        5533.7215827668242        4808.4215919651369        4083.1216011634483        3357.8216103617601        2632.5216195600719        1907.2216287583840        1181.9216379566953        456.62164715500745        268.67834364668084        993.97833444836908        1719.2783252500574        2444.5783160517453        3169.8783068534340        3895.1782976551222        4620.4782884568103     
  0.78898669190297499       0.68996942919439341        9889.2784810409939        9165.2021514652843        8441.1258218895709        7717.0494923138622        6992.9731627381507        6268.8968331624401        5544.8205035867304        4820.7441740110198        4096.6678444353092        3372.5915148595986        2648.5151852838881        1924.4388557081779        1200.3625261324673        476.28619655675692        247.79013301895358        971.86646259466397        1695.9427921703746        2420.0191217460851        3144.0954513217957        3868.1717808975059        4592.2481104732169     
  0.79382381546537140       0.69646777251123526        9892.4897093135150        9169.6687941159526        8446.8478789183901        7724.0269637208285        7001.2060485232669        6278.3851333257053        5555.5642181281419        4832.7433029305803        4109.9223877330178        3387.1014725354557        2664.2805573378932        1941.4596421403307        1218.6387269427685        495.81781174520643        227.00310345235587        949.82401864991800        1672.6449338474802        2395.4658490450424        3118.2867642426040        3841.1076794401665        4563.9285946377295     
  0.79863164224816441       0.70295514295071726        9894.9556978009878        9173.4361788694132        8451.9166599378386        7730.3971410062632        7008.8776220746868        6287.3581031431140        5565.8385842115385        4844.3190652799622        4122.7995463483885        3401.2800274168130        2679.7605084852385        1958.2409895536634        1236.7214706220880        515.20195169051317        206.31756724106185        927.83708617263699        1649.3566051042119        2370.8761240357867        3092.3956429673626        3813.9151618989376        4535.4346808305118     
  0.80341069821107070       0.70943173028397899        9896.4241156835160        9176.2697052394069        8456.1152947952996        7735.9608843511896        7015.8064739070805        6295.6520634629696        5575.4976530188633        4855.3432425747533        4135.1888321306433        3415.0344216865346        2694.8800112424256        1974.7256007983165        1254.5711903542074        534.41677991009817        185.73763053401080        905.89204097811978        1626.0464514222288        2346.2008618663381        3066.3552723104472        3786.5096827545558        4506.6640931986649     
  0.80816149376223068       0.71589772473374513        9896.6128952146064        9177.9082570693627        8459.2036189241189        7740.4989807788734        7021.7943426336287        6303.0897044883832        5584.3850663431385        4865.6804281978939        4146.9757900526492        3428.2711519074046        2709.5665137621600        1990.8618756169151        1272.1572374716707        553.45259932642591        165.25203881881876        883.95667696406338        1602.6613151093081        2321.3659532545530        3040.0705913997972        3758.7752295450423        4477.4798676902865     
  0.81288452439445547       0.72235331675094305        9895.3088442337485        9178.1532506300955        8460.9976570264425        7743.8420634227887        7026.6864698191357        6309.5308762154827        5592.3752826118298        4875.2196890081768        4158.0640954045239        3440.9085018008709        2723.7529081972170        2006.5973145935643        1289.4417209899113        572.28612738625839        144.86946621739472        862.02505982104788        1579.1806534247007        2296.3362470283541        3013.4918406320066        3730.6474342356596        4447.8030278393135     
  0.81758027128839161       0.72879868316164531        9892.3963723788329        9176.8967826048029        8461.3971928307692        7745.8976030567392        7030.3980132827064        6314.8984235086746        5599.3988337346436        4883.8992439606118        4168.3996541865790        3452.9000644125476        2737.4004746385153        2021.9008848644835        1306.4012950904519        590.90170531642002        124.59788445761173        840.09747423164345        1555.5970640056753        2271.0966537797076        2986.5962435537385        3702.0958333277708        4417.5954231018022     
  0.82224920188468409       0.73523399074799523        9887.9961488837180        9174.2501020936052        8460.5040553034942        7746.7580085133823        7033.0119617232731        6319.2659149331612        5605.5198681430502        4891.7738213529392        4178.0277745628282        3464.2817277727172        2750.5356809826071        2036.7896341924959        1323.0435874023847        609.29754061227391        104.44850617783707        818.19455296794797        1531.9405997580589        2245.6866465481698        2959.4326933382813        3673.1787401283918        4386.9247869185019     
  0.82689177042706141       0.74165940398284380        9882.1685573763534        9170.2689746761116        8458.3693919758680        7746.4698092756262        7034.5702265753844        6322.6706438751407        5610.7710611748980        4898.8714784746571        4186.9718957744144        3475.0723130741721        2763.1727303739294        2051.2731476736872        1339.3735649734447        627.47398227320230        84.425600427040067        796.32518312728246        1508.2247658275246        2220.1243485277673        2932.0239312280100        3643.9235139282519        4355.8230966284946     
  0.83150841847812940       0.74807509018634943        9875.0401030648136        9165.0705709266640        8455.1010387885162        7745.1315066503685        7035.1619745122207        6325.1924423740720        5615.2229102359233        4905.2533780977765        4195.2838459596278        3485.3143138214796        2775.3447816833313        2065.3752495451831        1355.4057174070351        645.43618526888702        64.533346869261166        774.50287900740943        1484.4724111455573        2194.4419432837053        2904.4114754218540        3614.3810075600022        4324.3505396981500     
  0.83609957540953217       0.75448120836942645        9866.6844036513103        9158.7222943767738        8450.7601851022373        7742.7980758276999        7034.8359665531625        6326.8738572786260        5618.9117480040904        4910.9496387295530        4202.9875294550156        3495.0254201804782        2787.0633109059413        2079.1012016314044        1371.1390923568674        663.17698308233014        44.785126192206967        752.74723546674409        1460.7093447412808        2168.6714540158182        2876.6335632903551        3584.5956725648921        4292.5577818394295     
  0.84066565886801869       0.76087791189510889        9857.1377791489394        9151.2578870409834        8445.3779949330255        7739.4981028250659        7033.6182107171071        6327.7383186091511        5621.8584265011923        4915.9785343932344        4210.0986422852766        3504.2187501773178        2798.3388580693590        2092.4589659614007        1386.5790738534427        680.69918174548445        25.180710362473604        731.06060247043183        1436.9404945783899        2142.8203866863482        2848.7002787943065        3554.5801709022639        4260.4600630102213     
  0.84520707521884830       0.76726535054114753        9846.2678261921574        9142.5536745677218        8438.8395229432881        7735.1253713188544        7031.4112196944197        6327.6970680699860        5623.9829164455532        4920.2687648211177        4216.5546131966848        3512.8404615722498        2809.1263099478160        2105.4121583233818        1401.6980066989479        697.98385507451383        5.7302965499202516        709.44444817435442        1413.1585997987886        2116.8727514232228        2820.5869030476565        3524.3010546720911        4228.0152062965262     
  0.84972421996786696       0.77364366179696187        9834.0575880517536        9132.5932780493295        8431.1289680469090        7729.6646580444867        7028.2003480420635        6326.7360380396412        5625.2717280372199        4923.8074180347976        4222.3431080323753        3520.8787980299530        2819.4144880275312        2117.9501780251094        1416.4858680226871        715.02155802026516        13.557248017843074        687.90706198457895        1389.3713719870011        2090.8356819894234        2792.2999919918452        3493.7643019942675        4195.2286119966893     
  0.85421747816349436       0.78001298646857975        9820.3936675407749        9121.2716185725458        8422.1495696043166        7723.0275206360875        7023.9054716678575        6324.7834226996274        5625.6613737313992        4926.5393247631682        4227.4172757949382        3528.2952268267090        2829.1731778584794        2130.0511288902494        1430.9290799220200        731.80703095378999        32.684981985560313        666.43706698266953        1365.5591159508992        2064.6811649191291        2763.8032138873587        3462.9252628555882        4162.0473118238187     
  0.85868722477977977       0.78637346706104905        9805.2077558932979        9108.5244257032773        8411.8410955132604        7715.1577653232425        7018.4744351332238        6321.7911049432050        5625.1077747531872        4928.4244445631684        4231.7411143731497        3535.0577841831309        2838.3744539931126        2141.6911238030943        1445.0077936130760        748.32446342305764        51.641133233039291        645.04219695697907        1341.7255271469974        2038.4088573370157        2735.0921875270342        3431.7755177170520        4128.4588479070708     
  0.86313382508160341       0.79272523061628763        9788.1210592341849        9093.9988529070106        8399.8766465798362        7705.7544402526619        7011.6322339254866        6317.5100275983132        5623.3878212711388        4929.2656149439645        4235.1434086167892        3541.0212022896153        2846.8989959624409        2152.7767896352671        1458.6545833080925        764.53237698091812        70.410170653743620        623.71203567343082        1317.8342420006049        2011.9564483277795        2706.0786546549534        3400.2008609821278        4094.3230673093021     
  0.86755763497303162       0.79906840240711863        9768.6907895561781        9077.2833018448928        8385.8758141336111        7694.4683264223268        7003.0608387110442        6311.6533509997598        5620.2458632884764        4928.8383755771929        4237.4308878659103        3546.0234001546260        2854.6159124433425        2163.2084247320590        1471.8009370207756        780.39344930949210        88.985961598208704        602.42152611307472        1293.8290138243581        1985.2365015356415        2676.6439892469252        3368.0514769582082        4059.4589646694926     
  0.87195900132976434       0.80540311143356114        9746.4164873712743        9057.9118291803679        8369.4071709894597        7680.9025127985524        6992.3978546076441        6303.8931964167368        5615.3885382258304        4926.8838800349204        4238.3792218440140        3549.8745636531066        2861.3699054621989        2172.8652472712911        1484.3605890803833        795.85593088947576        107.35127269856807        581.15338549233945        1269.6580436832471        1958.1627018741547        2646.6673600650624        3335.1720182559702        4023.6766764468775     
  0.87633826231655543       0.81172947422970931        9720.8665806492209        9035.4816404619542        8350.0967002746838        7664.7117600874144        6979.3268199001450        6293.9418797128747        5608.5569395256070        4923.1719993383385        4237.7870591510682        3552.4021189637988        2867.0171787765303        2181.6322385892609        1496.2472984019912        810.86235821472212        125.47741802745290        559.90752215981649        1245.2924623470856        1930.6774025343548        2616.0623427216237        3301.4472829088932        3986.8322230961621     
  0.88069574769042691       0.81804761005583027        9691.8168425295225        9009.7841428974607        8327.7514432654025        7645.7187436333415        6963.6860440012842        6281.6533443692242        5599.6206447371642        4917.5879451051060        4235.5552454730459        3553.5225458409864        2871.4898462089263        2189.4571465768672        1507.4244469448079        825.39174731274852        143.35904768068900        538.67365195137052        1220.7063515834298        1902.7390512154893        2584.7717508475494        3266.8044504796085        3948.8371501116676     
  0.88503177909044606       0.82435764026413194        9660.4934968788984        8981.9574489736260        8303.4214010683518        7624.8853531630775        6946.3493052578042        6267.8132573525281        5589.2772094472548        4910.7411615419796        4232.2051136367063        3553.6690657314316        2875.1330178261574        2196.5969699208831        1518.0609220156091        839.52487411033462        160.98882620506058        517.54722170021364        1196.0832696054879        1874.6193175107621        2553.1553654160361        3231.6914133213108        3910.2274612265846     
  0.88934667031478787       0.83065966998663565        9628.5766570044907        8953.5629858510292        8278.5493146975659        7603.5356435441045        6928.5219723906421        6253.5083012371788        5578.4946300837173        4903.4809589302540        4228.4672877767916        3553.4536166233293        2878.4399454698669        2203.4262743164045        1528.4126031629417        853.39893200947938        178.38526085601694        496.62841029744555        1171.6420814509079        1846.6557526043705        2521.6694237578331        3196.6830949112950        3871.6967660647574     
  0.89364072758575630       0.83695380471917136        9597.7411890712901        8926.1586876630736        8254.5761862548588        7582.9936848466396        6911.4111834384248        6239.8286820302083        5568.2461806219926        4896.6636792137770        4225.0811778055604        3553.4986763973452        2881.9161749891291        2210.3336735809130        1538.7511721726967        867.16867076448057        195.58616935626455        475.99633205195147        1147.5788334601675        1819.1613348683836        2490.7438362765997        3162.3263376848158        3833.9088390930319     
  0.89791424980339851       0.84324015084903325        9569.6903372248689        8901.3292976258199        8232.9682580267690        7564.6072184277182        6896.2461788286691        6227.8851392296192        5559.5240996305683        4891.1630600315193        4222.8020204324694        3554.4409808334190        2886.0799412343690        2217.7189016353191        1549.3578620362691        880.99682243721884        212.63578283816875        455.72525676088139        1124.0862963599313        1792.4473359589817        2460.8083755580319        3129.1694151570819        3797.5304547561313     
  0.90216752878830653       0.84951881233079107        9545.9734387801673        8880.5175054080682        8215.0615720359710        7549.6056386638702        6884.1497052917712        6218.6937719196731        5553.2378385475740        4887.7819051754750        4222.3259718033769        3556.8700384312779        2891.4141050591779        2225.9581716870798        1560.5022383149806        895.04630494288187        229.59037157078285        435.86556180131612        1101.3214951734149        1766.7774285455139        2432.2333619176125        3097.6892952897119        3763.1452286618105     
  0.90640084951416500       0.85578989432288788        9527.7633104812976        8864.8164878769367        8201.8696652725775        7538.9228426682175        6875.9760200638575        6213.0291974594975        5550.0823748551384        4887.1355522507783        4224.1887296464183        3561.2419070420592        2898.2950844377001        2235.3482618333401        1572.4014392289807        909.45461662462094        246.50779402026134        416.43902858409825        1079.3858511884578        1742.3326737928176        2405.2794963971774        3068.2263190015369        3731.1731416058965     
  0.91061449033056796       0.86205349257662700        9516.0944931786344        8855.1905864336586        8194.2866796886829        7533.3827729437071        6872.4788661987295        6211.5749594537538        5550.6710527087789        4889.7671459638022        4228.8632392188265        3567.9593324738507        2907.0554257288754        2246.1515189838988        1585.2476122389230        924.34370549394725        263.43979874897144        397.46410799600449        1058.3680147409802        1719.2719214859562        2380.1758282309320        3041.0797349759077        3701.9836417208835     
  0.91480872317659934       0.86830970073237723        9512.0508454231040        8852.6518055103788        8193.2527655976573        7533.8537256849349        6874.4546857722125        6215.0556458594901        5555.6566059467668        4896.2575660340435        4236.8585261213202        3577.4594862085974        2918.0604462958750        2258.6614063831516        1599.2623664704288        939.86332655770593        280.46428664498296        378.93475326773995        1038.3337931804629        1697.7328330931857        2357.1318730059083        3016.5309129186317        3675.9299528313541     
  0.91898381378564009       0.87455860920267292        9516.7987237867765        8858.2880890568122        8199.7774543268479        7541.2668195968845        6882.7561848669193        6224.2455501369559        5565.7349154069898        4907.2242806770264        4248.7136459470612        3590.2030112170974        2931.6923764871326        2273.1817417571683        1614.6711070272040        956.16047229723961        297.64983756727503        360.86079716268944        1019.3714318926540        1677.8820666226184        2336.3927013525827        2994.9033360825470        3653.4139708125117     
  0.92314002188183786       0.88080030618875615        9531.7579567062930        8873.4253724733535        8215.0927882404139        7556.7602040074744        6898.4276197745367        6240.0950355415971        5581.7624513086585        4923.4298670757189        4265.0972828427803        3606.7646986098407        2948.4321143769016        2290.0995301439621        1631.7669459110234        973.43436167808431        315.10177744514516        343.23080678779394        1001.5633910207331        1659.8959752536718        2318.2285594866112        2976.5611437195503        3634.8937279524894     
  0.92727760136865167       0.88703488287947818        9559.3451059586423        8900.3171414226454        8241.2891768866502        7582.2612123506533        6923.2332478146573        6264.2052832786603        5605.1773187426652        4946.1493542066682        4287.1213896706722        3628.0934251346762        2969.0654605986797        2310.0374960626837        1651.0095315266874        991.98156699069125        332.95360245469499        326.07436208130116        985.10232661729754        1644.1302911532932        2303.1582556892899        2962.1862202252860        3621.2141847612820     
  0.93139680050985785       0.89326242698009106        9602.4353888369751        8941.6458929908385        8280.8563971447038        7620.0669012985718        6959.2774054524361        6298.4879096063014        5637.6984137601676        4976.9089179140328        4316.1194220678990        3655.3299262217647        2994.5404303756304        2333.7509345294957        1672.9614386833616        1012.1719428372272        351.38244699109288        309.40704885504147        970.19654470117575        1630.9860405473103        2291.7755363934443        2952.5650322395786        3613.3545280857138     
  0.93549786210338293       0.89948301834494204        9664.3764538121304        9000.5344244429598        8336.6923950737910        7672.8503657046203        7009.0083363354488        6345.1663069662782        5681.3242775971075        5017.4822482279378        4353.6402188587672        3689.7981894895970        3025.9561601204268        2362.1141307512557        1698.2721013820858        1034.4300720129154        370.58804264374493        293.25398672542548        957.09601609459594        1620.9380454637662        2284.7800748329369        2948.6221042021070        3612.4641335712772     
  0.93958102364830687       0.90569674023308333        9749.1045730916594        9080.6572423735906        8412.2099116555237        7743.7625809374549        7075.3152502193861        6406.8679195013165        5738.4205887832504        5069.9732580651817        4401.5259273471138        3733.0785966290455        3064.6312659109772        2396.1839351929093        1727.7366044748410        1059.2892737567727        390.84194303870453        277.60538767936367        946.05271839743182        1614.5000491154999        2282.9473798335680        2951.3947105516359        3619.8420412697042     
  0.94364651750536332       0.91190367328190958        9860.0575868472715        9185.2241486223866        8510.3907103974998        7835.5572721726157        7160.7238339477299        6485.8903957228440        5811.0569574979600        5136.2235192730741        4461.3900810481900        3786.5566428233046        3111.7232045984192        2436.8897663735343        1762.0563281486488        1087.2228899237637        412.38945169887853        262.44398652600671        937.27742475089190        1612.1108629757771        2286.9443012006623        2961.7777394255468        3636.6111776504331     
  0.94769457105124333       0.91810389017104632        9994.5568992574808        9311.7498639526275        8628.9428286477723        7946.1357933429153        7263.3287580380602        6580.5217227332041        5897.7146874283490        5214.9076521234938        4532.1006168186386        3849.2935815137830        3166.4865462089269        2483.6795109040718        1800.8724755992162        1118.0654402943605        435.25840498950498        247.54863031535061        930.35566562020608        1613.1627009250617        2295.9697362299175        2978.7767715347732        3661.5838068396283     
  0.95172540682699014       0.92429747241466875        10147.116085460058        9455.1306313635996        8763.1451772671389        8071.1597231706819        7379.1742690742240        6687.1888149777642        5995.2033608813044        5303.2179067848456        4611.2324526883867        3919.2469985919279        3227.2615444954686        2535.2760903990097        1843.2906363025506        1151.3051822060913        459.31972810963225        232.66572598682689        924.65118008328602        1616.6366341797454        2308.6220882762045        3000.6075423726634        3692.5929964691227     
  0.95573924268076382       0.93048449434580516        10311.128104635991        9609.2151846442302        8907.3022646524678        8205.3893446607090        7503.4764246689483        6801.5635046771877        6099.6505846854261        5397.7376646936664        4695.8247447019048        3993.9118247101451        3291.9989047183844        2590.0859847266242        1888.1730647348634        1186.2601447431025        484.34722475134197        217.56569524041873        919.47861523217944        1621.3915352239399        2323.3044552157007        3025.2173752074614        3727.1302951992225     
  0.95973629190522958       0.93666502239576654        10478.334623409268        9766.3102369471871        9054.2858504851047        8342.2614640230258        7630.2370775609443        6918.2126910988636        6206.1883046367839        5494.1639181747023        4782.1395317126226        4070.1151452505410        3358.0907587884608        2646.0663723263806        1934.0419858643002        1222.0175994022197        509.99321294013919        202.03117352194133        914.05555998402178        1626.0799464461022        2338.1043329081822        3050.1287193702633        3762.1531058323435     
  0.96371676336981915       0.94283912570163708        10641.614078728655        9919.7785584558060        9197.9430381829607        8476.1075179101135        7754.2719976372664        7032.4364773644202        6310.6009570915721        5588.7654368187250        4866.9299165458779        4145.0943962730316        3423.2588760001845        2701.4233557273378        1979.5878354544911        1257.7523151816442        535.91679490879733        185.91872536404955        907.75424563689637        1629.5897659097432        2351.4252861825898        3073.2608064554365        3795.0963267282841     
  0.96768086164809519       0.94900687755662561        10812.142045969798        10080.037408297187        9347.9327706245767        8615.8281329519632        7883.7234952793542        7151.6188576067416        6419.5142199341299        5687.4095822615182        4955.3049445889073        4223.2003069162956        3491.0956692436835        2758.9910315710722        2026.8863938984607        1294.7817562258492        562.67711855323773        169.42751911937378        901.53215679198524        1633.6367944645970        2365.7414321372080        3097.8460698098202        3829.9507074824310     
  0.97162878714043865       0.95516834435340203        11011.548879233971        10267.257007778586        9522.9651363231987        8778.6732648678098        8034.3813934124246        7290.0895219570393        6545.7976505016513        5801.5057790462661        5057.2139075908790        4312.9220361354928        3568.6301646801062        2824.3382932247196        2080.0464217693329        1335.7545503139463        591.46267885855980        152.82919259682677        897.12106405221334        1641.4129355075997        2385.7048069629864        3129.9966784183734        3874.2885498737596     
  0.97556073619226802       0.96132359042521465        11267.247352339848        10507.010848339387        9746.7743443389263        8986.5378403384657        8226.3013363380032        7466.0648323375426        6705.8283283370820        5945.5918243366204        5185.3553203361589        4425.1188163356983        3664.8823123352367        2904.6458083347757        2144.4093043343146        1384.1728003338535        623.93629633339253        136.30020766706863        896.53671166752974        1656.7732156679908        2417.0097196684524        3177.2462236689134        3937.4827276693741     
  0.97947690120798669       0.96747267946159132        11616.296109528157        10833.881272147964        10051.466434767768        9269.0515973875754        8486.6367600073772        7704.2219226271827        6921.8070852469873        6139.3922478667928        5356.9774104865983        4574.5625731064038        3792.1477357262083        3009.7328983460134        2227.3180609658179        1444.9032235856230        662.48838620542801        119.92645117476700        902.34128855496203        1684.7561259351571        2467.1709633153519        3249.5858006955468        4032.0006380757422     
  0.98337747076084681       0.97361568745874072        12109.534638902065        11295.321502709594        10481.108366517125        9666.8952303246533        8852.6820941321839        8038.4689579397118        7224.2558217472406        6410.0426855547685        5595.8295493622982        4781.6164131698270        3967.4032769773562        3153.1901407848854        2338.9770045924147        1524.7638683999432        710.55073220747261        103.66240398499852        917.87554017746936        1732.0886763699402        2546.3018125624112        3360.5149487548824        4174.7280849473536     
  0.98726262969890644       0.97975261663495838        12793.371388155141        11934.675334897887        11075.979281640635        10217.283228383381        9358.5871751261275        8499.8911218688754        7641.1950686116206        6782.4990153543677        5923.8029620971147        5065.1069088398608        4206.4108555826078        3347.7148023253544        2489.0187490681014        1630.3226958108480        771.62664255359471        87.069410703658633        945.76546396091203        1804.4615172181652        2663.1575704754187        3521.8536237326716        4380.5496769899255     
  0.99113255924724819       0.98588374468444584        13727.859166078524        12808.037729199088        11888.216292319648        10968.394855440207        10048.573418560769        9128.7519816813274        8208.9305448018895        7289.1091079224498        6369.2876710430091        5449.4662341635712        4529.6447972841306        3609.8233604046923        2690.0019235252526        1770.1804866458133        850.35904976637369        69.462387113065702        989.28382399250518        1909.1052608719447        2828.9266977513839        3748.7481346308236        4668.5695715102629     
  0.99498743710661985       0.99200830215225366        15018.224682389151        14013.682316554354        13009.139950719557        12004.597584884759        11000.055219049960        9995.5128532151630        8990.9704873803657        7986.4281215455667        6981.8857557107685        5977.3433898759704        4972.8010240411732        3968.2586582063750        2963.7162923715773        1959.1739265367794        954.63156070198136        49.910805132816670        1054.4531709676148        2058.9955368024125        3063.5379026372102        4068.0802684720084        5072.6226343068074     
