           1   11.467367817447936        11.499109456921156     
           2   12.483801276433100        12.579132825854474     
           3   13.445122352788800        13.498368722335487     
           4   14.274856179886307        14.324527753048242     
           5   15.046846811903858        15.087953768259831     
           6   15.768736598901919        15.805190443769092     
           7   16.454383649673826        16.486865476396943     
           8   17.110545942379911        17.139971609190965     
           9   17.742445399935967        17.769398730198866     
          10   18.354091738187673        18.378859125744977     
          11   18.948195160868455        18.971099010983043     
          12   19.527094448273584        19.548427843968671     
          13   20.092588155188690        20.112610955383172     
          14   20.646171262924273        20.664973724882717     
          15   21.189018489713526        21.206843140290363     
          16   21.722207928241144        21.739039882244821     
          17   22.246600889281630        22.262537411660993     
          18   22.762844215241852        22.778025490766218     
          19   23.271578174657275        23.286010902289380     
          20   23.773462519671931        23.787273346536988     
          21   24.268826153419049        24.282031097246595     
          22   24.758179597961000        24.770840521026553     
          23   25.242001211849519        25.254142976004470     
          24   25.720382499140570        25.732049386971280     
          25   26.193833514734816        26.205112522575174     
          26   26.662523619595245        26.673331916143287     
          27   27.126713841551538        27.137148704936795     
          28   27.586675110700718        27.596672989700355     
          29   28.042485528660386        28.052235045162998     
          30   28.494462540886449        28.503833318381258     
          31   28.942646746468679        28.951797320163607     
          32   29.387290030393231        29.396125990649963     
          33   29.828484889077320        29.837038646900140     
          34   30.266354950760466        30.274642831808887     
          35   30.701060378817182        30.709047583386816     
          36   31.132715462607241        31.140361178616757     
          37   31.561302400835096        31.568800754889910     
          38   31.987078824103911        31.994255179358213     
          39   32.410019343376810        32.417050787642786     
          40   32.830175544871175        32.837076709907045     
          41   33.247755973250570        33.254439826343386     
          42   33.662772667593245        33.669139224522198     
          43   34.075282700062495        34.081498283844461     
          44   34.485333082852257        34.491298458958440     
          45   34.892984720647469        34.898754669872744     
          46   35.298254613805348        35.303972700645183     
          47   35.701276650404857        35.706842598783645     
          48   36.102113529223395        36.107470314591865     
          49   36.500741506938589        36.505854182354057     
          50   36.897195337136885        36.902206586750808     
          51   37.291553738066320        37.296418259188940     
          52   37.683841067321502        37.688594142575077     
          53   38.074112577416592        38.078625288322293     
          54   38.462298671940793        38.466723256906207     
          55   38.848617394635937        38.852885524976401     
          56   39.233008800927415        39.237109875084130     
          57   39.615392830509983        39.619394217686498     
          58   39.995890920072007        39.999842083103609     
          59   40.374596164064691        40.378345609734495     
          60   40.751487620997274        40.755113639748494     
          61   41.126571662039645        41.130038379499176     
          62   41.499843425789884        41.503117730853390     
          63   41.871294083092437        41.874559084549531     
          64   42.241040775499506        42.244150452663817     
          65   42.609071461767520        42.611994367955262     
          66   42.975377738111945        42.978192775237190     
          67   43.339954501738347        43.342742931789381     
          68   43.702918027566135        43.705538452328547     
          69   44.064150669576904        44.066680968070244     
          70   44.423748464700736        44.426167974804265     
          71   44.781723391925667        44.783997100374279     
          72   45.138045309679370        45.140268961386695     
          73   45.492854029045041        45.494878048614574     
          74   45.845910381864073        45.847924740427395     
          75   46.197506320434904        46.199304117633126     
          76   46.547501523615168        46.549218196306633     
          77   46.895815703163379        46.897460278431943     
          78   47.242654605548459        47.244231684368330     
          79   47.587977733308506        47.589428059270801     
          80   47.931743999334259        47.933047050839157     
          81   48.273945064029562        48.275086369499462     
          82   48.614656793776085        48.615745203166746     
          83   48.953859671617380        48.954819278377386     
          84   49.291459396807461        49.292306537439664     
          85   49.627645660957420        49.628404860573013     
          86   49.962347972495913        49.962911496257995     
          87   50.295521024447353        50.296023647625645     
          88   50.627160334440276        50.627539723412937     
          89   50.957318743260977        50.957655921584085     
          90   51.286079474383129        51.286270458809724     
          91   51.613312013377247        51.613479556725004     
          92   51.939153804942244        51.939083693820486     
          93   52.263488187788795        52.263375313922019     
          94   52.586302330252764        52.586057349570446     
          95   52.907747092765995        52.907420822695002     
          96   53.227763604099614        53.227267795000067     
          97   53.546237172878662        53.545693607333668     
          98   53.863317895127075        53.862599180673627     
          99   54.178985272525921        54.178175633688255     
         100   54.493099591742947        54.492226849204549     
         101   54.805921428460472        54.804942531124048     
         102   55.117286736012140        55.116127683678997     
         103   55.427148415213388        55.425875898239639     
         104   55.735592897448988        55.734280204928034     
         105   56.042617613301083        56.041148204640805     
         106   56.348234215486727        56.346667916628313     
         107   56.652499119302533        56.650741732268258     
         108   56.955244810647592        56.953366921975018     
         109   57.256642915091469        57.254634757523959     
         110   57.556504604686189        57.554448836090081     
         111   57.855027819153321        57.852900531428865     
         112   58.152127740132734        58.149801275969558     
         113   58.447858071924301        58.445427884879869     
         114   58.742041826796154        58.739591767075702     
         115   59.034993927383127        59.032290786860514     
         116   59.326375329935431        59.323614567902617     
         117   59.616408866212069        59.613468664394148     
         118   59.905067866302026        59.902033554966103     
         119   60.192276634143511        60.189124015871300     
         120   60.478023381692154        60.474738538397823     
         121   60.762391147959775        60.758965780987602     
         122   61.045396986566523        61.041803054016114     
         123   61.326926056012390        61.323247781410608     
         124   61.607059077402084        61.603297521099982     
         125   61.885844274591868        61.881860666102099     
         126   62.163132307885505        62.159113249014339     
         127   62.439026264323481        62.434874973635267     
         128   62.713553669874969        62.709230891164282     
         129   62.986597195857790        62.982177948312810     
