  -1.5428315793893560E-002   1.1776392000000000E+019
   3.0292816178396484E-003   1.1709927000000000E+019
   1.5633235338686644E-002   1.1583045000000000E+019
   3.1339605004795018E-002   1.1466706000000000E+019
   5.0636324177534539E-002   1.1347718000000000E+019
   7.2695412279673924E-002   1.1292107000000000E+019
   9.6958985896928640E-002   1.1289750000000000E+019
  0.12302482473870979        1.1256247000000000E+019
  0.15059210587135230        1.1254430000000000E+019
  0.17943036284428399        1.1216996000000000E+019
  0.20935912082562608        1.1212260000000000E+019
  0.24023448321233268        1.1211728000000000E+019
  0.27194000797789897        1.1052750000000000E+019
  0.30438010199199311        1.0830836000000000E+019
  0.33747552526297564        1.0572195000000000E+019
  0.37115980358384265        1.0298348000000000E+019
  0.40537670973238665        1.0019608000000000E+019
  0.44007833196148910        9.7219262000000000E+018
  0.47522352706390336        9.3853566000000000E+018
  0.51077668658424802        8.9987787000000000E+018
  0.54670692553160105        8.5651333000000000E+018
  0.58298725086321768        8.1130460000000000E+018
  0.61959399065790599        7.6876164000000000E+018
  0.65650625383112682        7.3218318000000000E+018
  0.69370560627906930        7.0381886000000000E+018
  0.73117569178525632        6.8268792000000000E+018
  0.76890193445422583        6.7001614000000000E+018
  0.80687136646905178        6.6612584000000000E+018
  0.84507238377911176        6.5016917000000000E+018
  0.88349460730350726        5.9863856000000000E+018
  0.92212870749301423        5.0130435000000000E+018
  0.96096633986674540        3.9196078000000000E+018
  0.99998869969207027        1.6899443000000000E+018


   1.0000000000000000E-002   1.1641881754593626E+019
   1.7656249999999998E-002   1.1564427278600516E+019
   2.5312500000000002E-002   1.1506172076601047E+019
   3.2968749999999998E-002   1.1455980534529442E+019
   4.0625000000000001E-002   1.1405367254874788E+019
   4.8281250000000005E-002   1.1359677435674210E+019
   5.5937500000000001E-002   1.1325535138372479E+019
   6.3593749999999991E-002   1.1304083720864168E+019
   7.1249999999999994E-002   1.1293166308101798E+019
   7.8906249999999997E-002   1.1290328216926456E+019
   8.6562500000000001E-002   1.1291314472318706E+019
   9.4218749999999990E-002   1.1291088227800426E+019
  0.10187499999999999        1.1285036152490232E+019
  0.10953125000000000        1.1273975223378694E+019
  0.11718749999999999        1.1262462722632616E+019
  0.12484374999999999        1.1255110459362427E+019
  0.13250000000000001        1.1253869201858034E+019
  0.14015625000000001        1.1255341715612932E+019
  0.14781250000000001        1.1255490444935213E+019
  0.15546875000000002        1.1250579061115113E+019
  0.16312500000000002        1.1240779433453158E+019
  0.17078125000000000        1.1228992300401705E+019
  0.17843750000000000        1.1218174180648032E+019
  0.18609375000000000        1.1210921409618842E+019
  0.19375000000000001        1.1207696398390678E+019
  0.20140625000000001        1.1208178638269727E+019
  0.20906250000000001        1.1212046429028952E+019
  0.21671875000000002        1.1218378134326118E+019
  0.22437500000000002        1.1223556330614653E+019
  0.23203124999999997        1.1223206728595907E+019
  0.23968749999999997        1.1212954999693873E+019
  0.24734375000000000        1.1189454469074881E+019
  0.25500000000000000        1.1154454850826656E+019
  0.26265624999999998        1.1111282788387641E+019
  0.27031250000000001        1.1063265393248557E+019
  0.27796874999999999        1.1013429730836330E+019
  0.28562500000000002        1.0962493581281327E+019
  0.29328124999999999        1.0910102668234037E+019
  0.30093750000000002        1.0855896812284756E+019
  0.30859375000000000        1.0799538913709963E+019
  0.31625000000000003        1.0741115490360207E+019
  0.32390625000000001        1.0681084496096481E+019
  0.33156249999999998        1.0619916471587148E+019
  0.33921875000000001        1.0558081261671576E+019
  0.34687499999999999        1.0495942412494166E+019
  0.35453125000000002        1.0433643915473992E+019
  0.36218750000000000        1.0371302605668438E+019
  0.36984375000000003        1.0309035318134893E+019
  0.37750000000000000        1.0246928370561212E+019
  0.38515624999999998        1.0184861833909895E+019
  0.39281250000000001        1.0122630383883342E+019
  0.40046874999999998        1.0060028423248669E+019
  0.40812500000000002        9.9968501244564726E+018
  0.41578124999999999        9.9328780842175406E+018
  0.42343750000000002        9.8678781400252887E+018
  0.43109375000000000        9.8016148176557793E+018
  0.43874999999999992        9.7338526428850852E+018
  0.44640625000000000        9.6643688809464259E+018
  0.45406249999999998        9.5930273315163034E+018
  0.46171875000000001        9.5197277867232379E+018
  0.46937499999999999        9.4443701565345280E+018
  0.47703125000000002        9.3668545937449267E+018
  0.48468749999999999        9.2871151234099548E+018
  0.49234375000000002        9.2051541205898383E+018
  0.50000000000000000        9.1209821835607501E+018
  0.50765624999999992        9.0346099105988721E+018
  0.51531249999999995        8.9460577717758044E+018
  0.52296874999999998        8.8554984676955023E+018
  0.53062500000000001        8.7632242415545836E+018
  0.53828125000000004        8.6695305507777167E+018
  0.54593749999999996        8.5747128527895613E+018
  0.55359375000000000        8.4790907793783020E+018
  0.56125000000000003        8.3831149143728620E+018
  0.56890624999999995        8.2872799770229340E+018
  0.57656249999999998        8.1920807202912358E+018
  0.58421875000000001        8.0980117215842847E+018
  0.59187500000000004        8.0055022688503398E+018
  0.59953124999999996        7.9148189303881114E+018
  0.60718749999999999        7.8262033467672494E+018
  0.61484375000000002        7.7398971585574083E+018
  0.62250000000000005        7.6561422992199854E+018
  0.63015624999999997        7.5751935939283988E+018
  0.63781250000000000        7.4973235417458862E+018
  0.64546875000000004        7.4228059210078505E+018
  0.65312499999999996        7.3519145100496886E+018
  0.66078124999999999        7.2849084428653947E+018
  0.66843750000000002        7.2217870696575078E+018
  0.67609375000000005        7.1623266811134249E+018
  0.68374999999999997        7.1062963219597537E+018
  0.69140625000000000        7.0534650369231022E+018
  0.69906250000000003        7.0036173096497992E+018
  0.70671874999999995        6.9566971900619622E+018
  0.71437499999999998        6.9127429459621724E+018
  0.72203125000000001        6.8717940660994888E+018
  0.72968750000000004        6.8338900392229683E+018
  0.73734374999999996        6.7991193242974566E+018
  0.74500000000000000        6.7679258360573798E+018
  0.75265625000000003        6.7409103105941432E+018
  0.76031249999999995        6.7186741718009907E+018
  0.76796874999999998        6.7018188435711631E+018
  0.77562500000000001        6.6906127801234330E+018
  0.78328125000000004        6.6833985678670244E+018
  0.79093749999999996        6.6778279763313234E+018
  0.79859374999999999        6.6715518846047457E+018
  0.80625000000000002        6.6622211717757153E+018
  0.81390624999999994        6.6476054595969853E+018
  0.82156249999999997        6.6260808380276685E+018
  0.82921875000000000        6.5962165122578493E+018
  0.83687500000000004        6.5565817693013801E+018
  0.84453124999999996        6.5057458961721149E+018
  0.85218749999999999        6.4420576979969516E+018
  0.85984375000000002        6.3627750808341617E+018
  0.86749999999999994        6.2648191657641964E+018
  0.87515624999999997        6.1451109768743926E+018
  0.88281250000000011        6.0005715382520945E+018
  0.89046875000000003        5.8296585028949187E+018
  0.89812500000000006        5.6388691553651333E+018
  0.90578124999999998        5.4373212913969172E+018
  0.91343749999999990        5.2341341443792148E+018
  0.92109375000000004        5.0384269477009674E+018
  0.92875000000000008        4.8564711839024148E+018
  0.93640625000000000        4.6773775020647608E+018
  0.94406249999999992        4.4838596349419950E+018
  0.95171874999999995        4.2586204399890744E+018
  0.95937500000000009        3.9843627746609582E+018
  0.96703125000000001        3.6463588736845763E+018
  0.97468750000000004        3.2493562231955963E+018
  0.98234374999999996        2.8070250211276431E+018
  0.98999999999999988        2.3330818788371016E+018
