           1   34.775506301965521        53.288698338480884     
           2   31.736833250258577        32.433216896568872     
           3   28.698160198551626        29.478611366664705     
           4   26.156729001863692        26.356264041545103     
           5   24.383648688567217        24.604253284063816     
           6   23.055864533802264        23.198935523312116     
           7   22.016908414498957        22.133277689821604     
           8   21.172757170886182        21.264190177724185     
           9   20.469654735994180        20.546522012086548     
          10   19.872499352637011        19.939202825979109     
          11   19.358318382364175        19.414830254437938     
          12   18.911057125292832        18.958398478404284     
          13   18.514570497381282        18.556087669671882     
          14   18.161696314053792        18.197697401128057     
          15   17.844149721087373        17.876379040452015     
          16   17.556136680735150        17.586954488271743     
          17   17.295550159059648        17.322435022854759     
          18   17.054685347800426        17.079168573928705     
          19   16.835085504001036        16.857325619237766     
          20   16.631982106630026        16.651838783433195     
          21   16.441694154658407        16.460315836514848     
          22   16.267980968070354        16.285084719362526     
          23   16.103417194804866        16.119368338773747     
          24   15.949895434140064        15.963733251633309     
          25   15.805569377883172        15.819240342686147     
          26   15.668599383244043        15.682085983608674     
          27   15.540850972658964        15.553720326305772     
          28   15.420480871574201        15.431286169361364     
          29   15.305630268489695        15.315494111550130     
          30   15.196313483049513        15.205630741340437     
          31   15.092529414637896        15.100846287277344     
          32   14.992426151690228        15.001684170687662     
          33   14.897869237566733        14.906371496699757     
          34   14.807004292407633        14.815759070572312     
          35   14.719834451314030        14.729832742896003     
          36   14.638220040120501        14.645650919912786     
          37   14.558443594219932        14.565609506941229     
          38   14.482368559775255        14.489346167707758     
          39   14.410002050188981        14.413927387234027     
          40   14.337612434885749        14.342634192852666     
          41   14.267064680600745        14.275207040131720     
          42   14.202089747073655        14.209091939476052     
          43   14.138966874401856        14.144865070535301     
          44   14.075832482743985        14.082425303458018     
          45   14.018267899368317        14.021576320073768     
          46   13.960694789582982        13.963270481180357     
          47   13.903112391338283        13.908259262771203     
          48   13.847380855263159        13.854036060580043     
          49   13.795364890174977        13.800242556865555     
          50   13.745205208826629        13.748415017834528     
          51   13.695039707573562        13.698427908344325     
          52   13.644862599757191        13.649740544813367     
          53   13.596543139576125        13.601076261806563     
          54   13.551946085798193        13.555046636442388     
          55   13.507342143636475        13.511687404503235     
          56   13.462733077867966        13.466151983002584     
          57   13.419981298334037        13.421449823279621     
          58   13.377223933355591        13.380352057977150     
          59   13.336323603998759        13.340648229317841     
          60   13.297283767311194        13.300883860797573     
          61   13.256379331350866        13.261107383009639     
          62   13.219193540343582        13.221410346537510     
          63   13.182004896443971        13.183574523936626     
          64   13.142952097032925        13.147459765152840     
          65   13.107620640552545        13.111309591454363     
          66   13.074149465928750        13.075150837792279     
          67   13.038812680307386        13.040781624387561     
          68   13.003472919766676        13.006476503051607     
          69   12.969993825907125        12.972049146569239     
          70   12.936512703788877        12.939443416570645     
          71   12.904892274840350        12.906808870273611     
          72   12.873268998966665        12.876040116085429     
          73   12.841644270302767        12.843703585848205     
          74   12.810018448171760        12.812415842032616     
          75   12.780253064046692        12.783704528146982     
          76   12.750486860366768        12.751570949191109     
          77   12.720719014185347        12.721551261362549     
          78   12.692811232570518        12.694475366209540     
          79   12.663039370366560        12.666063672917067     
          80   12.633266031636632        12.636856256431157     
          81   12.607217862298123        12.609200259066345     
          82   12.581169878735226        12.582514401853922     
          83   12.551394043699869        12.553764492557301     
          84   12.525340037603042        12.527023676021718     
          85   12.499283041538730        12.502256193730789     
          86   12.473226435508517        12.475796852898361     
          87   12.447173148263033        12.448425743029883     
          88   12.421121518163021        12.422105986576138     
          89   12.396931570248974        12.398194439603731     
          90   12.372739432168705        12.373682899677178     
          91   12.346681950961525        12.349190845633368     
          92   12.322486128617138        12.325211084751389     
          93   12.298288021900392        12.299281829874200     
          94   12.274084301549253        12.275652632504725     
          95   12.251738678669593        12.253885020478007     
          96   12.227531991312251        12.229088966140113     
          97   12.203334674953409        12.205040966641210     
          98   12.181010682953298        12.183288622907201     
          99   12.158688241309738        12.159158564549543     
         100   12.136355879094832        12.136988608753661     
         101   12.114007836918814        12.116575548115684     
         102   12.089785677114994        12.092499534790997     
         103   12.069292181064762        12.069548831047541     
         104   12.046949386886919        12.047895594333486     
         105   12.024618423546929        12.026557161882783     
         106   12.004152583356539        12.006572810960987     
         107   11.981817019679392        11.984696005393795     
         108   11.961335469664295        11.963068429747846     
         109   11.940848938570031        11.941328272663204     
         110   11.920361715595774        11.919773531350719     
         111   11.898014454272470        11.900024840415199     
         112   11.877534950295431        11.880022924155247     
         113   11.858923279471826        11.858334422497391     
         114   11.836586910884691        11.838512561609043     
         115   11.816107987807369        11.818619708267228     
         116   11.795620410594976        11.796902619611265     
         117   11.776992120445726        11.778788191680833     
         118   11.758367016856056        11.759067621760661     
         119   11.736020378225714        11.737376694725421     
         120   11.715536659387160        11.717251367439051     
         121   11.696912127422262        11.699186245917732     
         122   11.678287384454823        11.679550136363341     
         123   11.659668415339231        11.659437233670522     
         124   11.639191265231501        11.641280469149478     
         125   11.620574865734934        11.621793521193727     
         126   11.601955299904057        11.601595628963377     
         127   11.581428855566653        11.583429151579557     
         128   11.562714487124413        11.563839771168796     
         129   11.544000118682172        11.545208771242091     
