           1   37.467039098104500        53.288698338480884     
           2   31.389262898234485        32.433216896568872     
           3   27.948015200743466        29.478611366664705     
           4   25.684059415484629        26.356264041545103     
           5   24.055484031868847        24.604253284063816     
           6   22.813815394729602        23.198935523312116     
           7   21.827854119282300        22.133277689821604     
           8   21.021079396374262        21.264190177724185     
           9   20.345633730770551        20.546522012086548     
          10   19.769662229201135        19.939202825979109     
          11   19.271208123737864        19.414830254437938     
          12   18.834408220716071        18.958398478404284     
          13   18.447632737267945        18.556087669671882     
          14   18.102167269434936        18.197697401128057     
          15   17.791135013760897        17.876379040452015     
          16   17.509311722820435        17.586954488271743     
          17   17.252367297683346        17.322435022854759     
          18   17.016885621033069        17.079168573928705     
          19   16.800101183698114        16.857325619237766     
          20   16.599588352147080        16.651838783433195     
          21   16.413505025756958        16.460315836514848     
          22   16.240159185500108        16.285084719362526     
          23   16.078135613306348        16.119368338773747     
          24   15.926318183173850        15.963733251633309     
          25   15.783600763749092        15.819240342686147     
          26   15.649177875019497        15.682085983608674     
          27   15.522215783972289        15.553720326305772     
          28   15.402068173438487        15.431286169361364     
          29   15.288105739290154        15.315494111550130     
          30   15.179848078840481        15.205630741340437     
          31   15.076787635432851        15.100846287277344     
          32   14.978543008800578        15.001684170687662     
          33   14.884724051367531        14.906371496699757     
          34   14.795001675047962        14.815759070572312     
          35   14.709077984437666        14.729832742896003     
          36   14.626681432728297        14.645650919912786     
          37   14.547545688251452        14.565609506941229     
          38   14.471485701897510        14.489346167707758     
          39   14.398256279567184        14.413927387234027     
          40   14.327705556055983        14.342634192852666     
          41   14.259658038890748        14.275207040131720     
          42   14.193970907471227        14.209091939476052     
          43   14.130462980428726        14.144865070535301     
          44   14.069046984226874        14.082425303458018     
          45   14.009576464664690        14.021576320073768     
          46   13.951932744281505        13.963270481180357     
          47   13.896037314130131        13.908259262771203     
          48   13.841786595944479        13.854036060580043     
          49   13.789097322792465        13.800242556865555     
          50   13.737864767268986        13.748415017834528     
          51   13.688032882770161        13.698427908344325     
          52   13.639521352101358        13.649740544813367     
          53   13.592281119299576        13.601076261806563     
          54   13.546229416639671        13.555046636442388     
          55   13.501312084394627        13.511687404503235     
          56   13.457477178627865        13.466151983002584     
          57   13.414676878510614        13.421449823279621     
          58   13.372855271114243        13.380352057977150     
          59   13.331981635451074        13.340648229317841     
          60   13.291993683245375        13.300883860797573     
          61   13.252866026287325        13.261107383009639     
          62   13.214562597138588        13.221410346537510     
          63   13.177028689916813        13.183574523936626     
          64   13.140255067054776        13.147459765152840     
          65   13.104200904130098        13.111309591454363     
          66   13.068827281083333        13.075150837792279     
          67   13.034108286206068        13.040781624387561     
          68   13.000028938097131        13.006476503051607     
          69   12.966555249759381        12.972049146569239     
          70   12.933664617351095        12.939443416570645     
          71   12.901335328455547        12.906808870273611     
          72   12.869537123125619        12.876040116085429     
          73   12.838259943742923        12.843703585848205     
          74   12.807476874763470        12.812415842032616     
          75   12.777179029880362        12.783704528146982     
          76   12.747331640820489        12.751570949191109     
          77   12.717935860908320        12.721551261362549     
          78   12.688958737229287        12.694475366209540     
          79   12.660394469982251        12.666063672917067     
          80   12.632229582475725        12.636856256431157     
          81   12.604450515022144        12.609200259066345     
          82   12.577027773696219        12.582514401853922     
          83   12.549964890779975        12.553764492557301     
          84   12.523249841415684        12.527023676021718     
          85   12.496856677317634        12.502256193730789     
          86   12.470791506101749        12.475796852898361     
          87   12.445027971758675        12.448425743029883     
          88   12.419570316052175        12.422105986576138     
          89   12.394393422835673        12.398194439603731     
          90   12.369497423941683        12.373682899677178     
          91   12.344866180005496        12.349190845633368     
          92   12.320503576572950        12.325211084751389     
          93   12.296376009518706        12.299281829874200     
          94   12.272497919228552        12.275652632504725     
          95   12.248844183252471        12.253885020478007     
          96   12.225426651280740        12.229088966140113     
          97   12.202233628374756        12.205040966641210     
          98   12.179264708838545        12.183288622907201     
          99   12.156493816318918        12.159158564549543     
         100   12.133921272069211        12.136988608753661     
         101   12.111524003723272        12.116575548115684     
         102   12.089313672791151        12.092499534790997     
         103   12.067286362229240        12.069548831047541     
         104   12.045436496334069        12.047895594333486     
         105   12.023771988186533        12.026557161882783     
         106   12.002268637119860        12.006572810960987     
         107   11.980923046721429        11.984696005393795     
         108   11.959729702981287        11.963068429747846     
         109   11.938678972838179        11.941328272663204     
         110   11.917773913971020        11.919773531350719     
         111   11.897005085287935        11.900024840415199     
         112   11.876384007055693        11.880022924155247     
         113   11.855889533142770        11.858334422497391     
         114   11.835529323261635        11.838512561609043     
         115   11.815294139284724        11.818619708267228     
         116   11.795170649374075        11.796902619611265     
         117   11.775163046289839        11.778788191680833     
         118   11.755258539569351        11.759067621760661     
         119   11.735467259912186        11.737376694725421     
         120   11.715785296912745        11.717251367439051     
         121   11.696203289346894        11.699186245917732     
         122   11.676720133252440        11.679550136363341     
         123   11.657336130658283        11.659437233670522     
         124   11.638050581982649        11.641280469149478     
         125   11.618865768060290        11.621793521193727     
         126   11.599756636066205        11.601595628963377     
         127   11.580717532845117        11.583429151579557     
         128   11.561731908722656        11.563839771168796     
         129   11.542827311596866        11.545208771242091     
