   1.7999999900000001        0.0000000000000000     
   1.7990528200000000        3.0139448700000002E-002
   1.7962150500000000        6.0159950800000001E-002
   1.7914978699999999        8.9943028999999994E-002
   1.7849199099999999       0.11937114300000000     
   1.7765071200000000       0.14832815399999999     
   1.7662926999999999       0.17669978100000000     
   1.7543169800000000       0.20437405500000000     
   1.7406272000000000       0.23124175799999999     
   1.7252774000000000       0.25719685599999997     
   1.7083281500000000       0.28213691499999999     
   1.6898463500000001       0.30596350800000000     
   1.6699049300000000       0.32858260400000000     
   1.6485825999999999       0.34990493299999997     
   1.6259635100000001       0.36984634799999999     
   1.6021369100000000       0.38832814900000001     
   1.5771968599999999       0.40527739499999998     
   1.5512417599999999       0.42062719700000001     
   1.5243740600000000       0.43431697499999999     
   1.4966997799999999       0.44629270300000001     
   1.4683281500000001       0.45650711799999999     
   1.4393711400000000       0.46491990700000002     
   1.4099430300000000       0.47149786999999999     
   1.3801599499999999       0.47621504599999998     
   1.3501394499999999       0.47905281900000002     
   1.3200000000000001       0.47999998900000002     
   1.2898605500000000       0.47905281900000002     
   1.2598400500000000       0.47621504599999998     
   1.2300569699999999       0.47149786999999999     
   1.2006288599999999       0.46491990700000002     
   1.1716718500000001       0.45650711799999999     
   1.1433002200000000       0.44629270300000001     
   1.1156259399999999       0.43431697499999999     
   1.0887582400000000       0.42062719700000001     
   1.0628031400000000       0.40527739499999998     
   1.0378630900000001       0.38832814900000001     
   1.0140364900000001       0.36984634799999999     
  0.99141739600000001       0.34990493299999997     
  0.97009506700000003       0.32858260400000000     
  0.95015365200000002       0.30596350800000000     
  0.93167185100000005       0.28213691499999999     
  0.91472260500000002       0.25719685599999997     
  0.89937280300000000       0.23124175799999999     
  0.88568302499999996       0.20437405500000000     
  0.87370729700000005       0.17669978100000000     
  0.86349288199999996       0.14832815399999999     
  0.85508009299999999       0.11937114300000000     
  0.84850212999999997        8.9943028999999994E-002
  0.84378495399999998        6.0159950800000001E-002
  0.84094718099999999        3.0139448700000002E-002
  0.84000001099999999        5.8783044999999997E-017
  0.84094718099999999       -3.0139448700000002E-002
  0.84378495399999998       -6.0159950800000001E-002
  0.84850212999999997       -8.9943028999999994E-002
  0.85508009299999999      -0.11937114300000000     
  0.86349288199999996      -0.14832815399999999     
  0.87370729700000005      -0.17669978100000000     
  0.88568302499999996      -0.20437405500000000     
  0.89937280300000000      -0.23124175799999999     
  0.91472260500000002      -0.25719685599999997     
  0.93167185100000005      -0.28213691499999999     
  0.95015365200000002      -0.30596350800000000     
  0.97009506700000003      -0.32858260400000000     
  0.99141739600000001      -0.34990493299999997     
   1.0140364900000001      -0.36984634799999999     
   1.0378630900000001      -0.38832814900000001     
   1.0628031400000000      -0.40527739499999998     
   1.0887582400000000      -0.42062719700000001     
   1.1156259399999999      -0.43431697499999999     
   1.1433002200000000      -0.44629270300000001     
   1.1716718500000001      -0.45650711799999999     
   1.2006288599999999      -0.46491990700000002     
   1.2300569699999999      -0.47149786999999999     
   1.2598400500000000      -0.47621504599999998     
   1.2898605500000000      -0.47905281900000002     
   1.3200000000000001      -0.47999998900000002     
   1.3501394499999999      -0.47905281900000002     
   1.3801599499999999      -0.47621504599999998     
   1.4099430300000000      -0.47149786999999999     
   1.4393711400000000      -0.46491990700000002     
   1.4683281500000001      -0.45650711799999999     
   1.4966997799999999      -0.44629270300000001     
   1.5243740600000000      -0.43431697499999999     
   1.5512417599999999      -0.42062719700000001     
   1.5771968599999999      -0.40527739499999998     
   1.6021369100000000      -0.38832814900000001     
   1.6259635100000001      -0.36984634799999999     
   1.6485825999999999      -0.34990493299999997     
   1.6699049300000000      -0.32858260400000000     
   1.6898463500000001      -0.30596350800000000     
   1.7083281500000000      -0.28213691499999999     
   1.7252774000000000      -0.25719685599999997     
   1.7406272000000000      -0.23124175799999999     
   1.7543169800000000      -0.20437405500000000     
   1.7662926999999999      -0.17669978100000000     
   1.7765071200000000      -0.14832815399999999     
   1.7849199099999999      -0.11937114300000000     
   1.7914978699999999       -8.9943028999999994E-002
   1.7962150500000000       -6.0159950800000001E-002
   1.7990528200000000       -3.0139448700000002E-002
   1.7999999900000001       -1.1756608999999999E-016
