   0.0000000000000000        1.5366882577580790E-003	  0.0000000000000000      -7.73833850717126764E-006
   1.0000000000000000E-002   1.5326859313615981E-003	  8.41360474660796977E-003 -7.61118698359812551E-006
   2.0000000000000000E-002   1.5279033968373127E-003	  1.66472722251032983E-002 -7.28324365167291182E-006
   2.9999999999999999E-002   1.5221110783417153E-003	  2.48454472495869237E-002 -6.67946867832867192E-006
   4.0000000000000001E-002   1.5150842090390954E-003	  3.31320214489805726E-002 -6.00156560102635406E-006
   5.0000000000000003E-002   1.5066044689113144E-003	  4.14553515926728497E-002 -5.50606273083675823E-006
   5.9999999999999998E-002   1.4964642907930343E-003	  4.97843869840138287E-002 -5.23521050577093611E-006
   7.0000000000000007E-002   1.4846280619984467E-003	  5.80966839637454963E-002 -5.08962710166899202E-006
   8.0000000000000002E-002   1.4713165620115214E-003	  6.64065330042271501E-002 -4.93517816039200363E-006
   8.9999999999999997E-002   1.4567716539827266E-003	  7.47786804054870191E-002 -4.60460114399489223E-006
  0.10000000000000001        1.4411833205211541E-003	  8.31726325423791935E-002 -4.08916293296365113E-006
  0.11000000000000000        1.4245650490599447E-003	  9.15740681364753534E-002 -3.50727348553698387E-006
  0.12000000000000000        1.4068952228436682E-003	  9.99584806537523740E-002 -2.88564540521559637E-006
  0.13000000000000000        1.3882043973802093E-003	  0.10837644743112490      -2.36865377822772366E-006
  0.14000000000000001        1.3685716026936964E-003	  0.11683598153900727      -2.04514541715487830E-006
  0.14999999999999999        1.3480698142058229E-003	  0.12531262527262155      -1.90932406208058070E-006
  0.16000000000000000        1.3267582288946042E-003	  0.13378821239156646      -1.88844103652698048E-006
  0.17000000000000001        1.3046977251552402E-003	  0.14226434835325946      -1.68910836662386488E-006
  0.17999999999999999        1.2819511199555461E-003	  0.15079066820520753      -1.32334077713840148E-006
  0.19000000000000000        1.2585768870675708E-003	  0.15934092445246265      -8.49763399982800260E-007
  0.20000000000000001        1.2346325473108057E-003	  0.16790391480339084      -4.41415636526394650E-007
  0.20999999999999999        1.2101794669832295E-003	  0.17646318494660299      -2.26395738760210019E-007
  0.22000000000000000        1.1852819809533843E-003	  0.18505394378312881      -9.52456690747963131E-008
  0.23000000000000001        1.1600048067085475E-003	  0.19368087652750576      -9.52314494796768773E-009
  0.23999999999999999        1.1344123035242038E-003	  0.20232845332025898       1.47596319080740834E-007
  0.25000000000000000        1.1085627359028166E-003	  0.21098175349645865       2.69819231920806479E-007
  0.26000000000000001        1.0825141867115138E-003	  0.21964558337577558       3.45700151533224337E-007
  0.27000000000000002        1.0563246842318567E-003	  0.22835362403305617       4.20272650477823695E-007
  0.28000000000000003        1.0300513022208160E-003	  0.23708801800625073       4.94187054046486135E-007
  0.28999999999999998        1.0037490931906910E-003	  0.24583525753476299       5.95374262965173151E-007
  0.29999999999999999        9.7746899317178938E-004	  0.25458809851174991       6.60564323204902715E-007
  0.31000000000000000        9.5125956831927671E-004	  0.26338302701019067       6.45471113802989493E-007
  0.32000000000000001        9.2516819976809809E-004	  0.27220671833887422       5.56024725489965427E-007
  0.33000000000000002        8.9924063335161870E-004	  0.28105117950213859       4.23760135493007895E-007
  0.34000000000000002        8.7351840708178201E-004	  0.28990771993256276       2.92454320276972629E-007
  0.35000000000000003        8.4804195977843599E-004	  0.29879162582450619       2.03100761189591722E-007
  0.35999999999999999        8.2284701741268244E-004	  0.30771234010153381       1.49587349618229837E-007
  0.37000000000000000        7.9796774627442291E-004	  0.31666133070418595       1.38929421548625309E-007
  0.38000000000000000        7.7343709391025346E-004	  0.32562401834193688       1.46438880886841372E-007
  0.39000000000000001        7.4928324031521033E-004	  0.33460992251842686       1.39862306174944051E-007
  0.40000000000000002        7.2553179778145664E-004	  0.34363805357667687       1.21142750743145899E-007
  0.41000000000000003        7.0220662789088732E-004	  0.35269441912092642       8.88208039097337920E-008
  0.41999999999999998        6.7932860699036670E-004	  0.36177116289868771       5.74359582585642903E-008
  0.42999999999999999        6.5691645496137457E-004	  0.37087397220629303       3.72373155101655973E-008
  0.44000000000000000        6.3498684896469220E-004	  0.38001684064082425       2.56816366154925813E-008
  0.45000000000000001        6.1355301102983598E-004	  0.38919004107046218       2.66858118849050419E-008
  0.46000000000000002        5.9262563547805109E-004	  0.39839114159907868       2.01051127053132606E-008
  0.47000000000000003        5.7221509958496034E-004	  0.40762158228495721       6.22150473500449053E-009
  0.47999999999999998        5.5232857901600315E-004	  0.41688943885094942      -1.34555873110286939E-008
  0.48999999999999999        5.3297131131320647E-004	  0.42619243006442120      -3.48150351362711691E-008
  0.50000000000000000        5.1414659947594582E-004	  0.43553055835315629      -3.42289426886934617E-008
  0.51000000000000001        4.9585628869239001E-004	  0.44489829013408250      -1.89321236448297681E-008
  0.52000000000000002        4.7810032110399151E-004	  0.45430545360204411       6.76096124506593565E-009
  0.53000000000000003        4.6087753057918595E-004	  0.46375340474535909       2.23079127516321446E-008
  0.54000000000000004        4.4418495023411798E-004	  0.47323678229391059       4.32749783037169461E-008
  0.55000000000000004        4.2801807771432966E-004	  0.48275699235146657       5.57072247721248498E-008
  0.56000000000000005        4.1237158933677044E-004	  0.49232039997943378       6.04817177170084708E-008
  0.57000000000000006        3.9723917059432965E-004	  0.50192186266362970       5.57874661921871351E-008
  0.57999999999999996        3.8261288269003055E-004	  0.51156860810382332       4.96036043325445708E-008
  0.58999999999999997        3.6848427818199982E-004	  0.52126125339796336       4.34863107819268013E-008
  0.59999999999999998        3.5484386378768150E-004	  0.53099486927842587       4.26817963019351237E-008
  0.60999999999999999        3.4168121178406840E-004	  0.54077556461432941       4.77761293333090614E-008
  0.62000000000000000        3.2898506715718851E-004	  0.55060822618253180       5.41993538855957413E-008
  0.63000000000000000        3.1674422172894943E-004	  0.56048800951900435       5.79308016440162332E-008
  0.64000000000000001        3.0494642605859200E-004	  0.57041142339150697       6.27587489058275411E-008
  0.65000000000000002        2.9357963603565652E-004	  0.58039234294878483       7.05888764677888719E-008
  0.66000000000000003        2.8263144353025933E-004	  0.59043075590883543       6.64897412895777695E-008
  0.67000000000000004        2.7208957017606082E-004	  0.60051158006504912       7.44295623451938365E-008
  0.68000000000000005        2.6194187438736277E-004	  0.61065007916979941       7.39366580110919352E-008
  0.69000000000000006        2.5217607689078574E-004	  0.62085483415816589       6.79750388683005718E-008
  0.70000000000000007        2.4278020890155876E-004	  0.63111051790139905       6.66554513102613974E-008
  0.70999999999999996        2.3374238558114731E-004	  0.64142326725045895       5.86202466779572537E-008
  0.71999999999999997        2.2505085221209386E-004	  0.65180863199196803       5.21396822097605628E-008
  0.72999999999999998        2.1669420795142921E-004	  0.66226023011667556       4.80558182557218327E-008
  0.73999999999999999        2.0866105081238873E-004	  0.67276829490652568       4.29608110962768214E-008
  0.75000000000000000        2.0094044561765463E-004	  0.68335614787296295       3.53918739151625264E-008
  0.76000000000000001        1.9352149129845851E-004	  0.69402571913217637       2.94622266877207425E-008
  0.77000000000000002        1.8639367120922313E-004	  0.70475622531686755       2.24944779858137628E-008
  0.78000000000000003        1.7954667117349958E-004	  0.71557727748374678       1.47793588580521357E-008
  0.79000000000000004        1.7297036083336942E-004	  0.72649315955569227       7.53476657076260908E-009
  0.80000000000000004        1.6665509543247449E-004	  0.73748595551596874       1.95374300375125709E-009
  0.81000000000000005        1.6059124921349955E-004	  0.74858059053321357       4.57694537922982009E-010
  0.82000000000000006        1.5476954969171036E-004	  0.75978832352698034       1.63918104410061202E-009
  0.83000000000000007        1.4918103293052102E-004	  0.77109238180723816       2.53272189120823735E-009
  0.83999999999999997        1.4381697818768348E-004	  0.78251603466965569       3.10206802595341252E-009
  0.84999999999999998        1.3866896155179982E-004	  0.79407951042545222       2.75559871188574279E-009
  0.85999999999999999        1.3372871888676295E-004	  0.80576413365416988       3.08634395275973750E-009
  0.87000000000000000        1.2898826739928950E-004	  0.81759927208619254       2.22762509951906704E-009
  0.88000000000000000        1.2443999362544061E-004	  0.82960934250899243       1.52035649776107937E-009
  0.89000000000000001        1.2007648129385126E-004	  0.84177378556290594       8.23242235123942956E-010
  0.90000000000000002        1.1589056118236646E-004	  0.85414107897552871      -2.48538842826696860E-010
  0.91000000000000003        1.1187515817296025E-004	  0.86671330107095756      -3.11107760538574529E-010
  0.92000000000000004        1.0802365411109236E-004	  0.87949859588832568       2.70630673958067308E-010
  0.93000000000000005        1.0432964238834835E-004	  0.89255296755585012       4.50916562118666708E-010
  0.94000000000000006        1.0078686545881630E-004	  0.90593317787598004       5.59259213754863954E-010
  0.95000000000000007        9.7389230716727311E-005	  0.91983179640635959       3.43606254912679279E-010
  0.95999999999999996        9.4130937840195160E-005	  0.93444787076910973       6.72903205866607484E-011
  0.96999999999999997        9.1006526995828801E-005	  0.94990181839491017       4.04478418179711127E-010
  0.97999999999999998        8.8010525312959750E-005	  0.96610954776357238       2.96600836014078439E-010
  0.98999999999999999        8.5137689498238948E-005	  0.98277819085878504      -8.06155638663312579E-012
   1.0000000000000000        8.2383062086774890E-005	   1.0000000000000000      -6.01274734212189910E-011
