  0.0000000000000000      -7.73833850717126764E-006
  8.41360474660796977E-003 -7.61118698359812551E-006
  1.66472722251032983E-002 -7.28324365167291182E-006
  2.48454472495869237E-002 -6.67946867832867192E-006
  3.31320214489805726E-002 -6.00156560102635406E-006
  4.14553515926728497E-002 -5.50606273083675823E-006
  4.97843869840138287E-002 -5.23521050577093611E-006
  5.80966839637454963E-002 -5.08962710166899202E-006
  6.64065330042271501E-002 -4.93517816039200363E-006
  7.47786804054870191E-002 -4.60460114399489223E-006
  8.31726325423791935E-002 -4.08916293296365113E-006
  9.15740681364753534E-002 -3.50727348553698387E-006
  9.99584806537523740E-002 -2.88564540521559637E-006
  0.10837644743112490      -2.36865377822772366E-006
  0.11683598153900727      -2.04514541715487830E-006
  0.12531262527262155      -1.90932406208058070E-006
  0.13378821239156646      -1.88844103652698048E-006
  0.14226434835325946      -1.68910836662386488E-006
  0.15079066820520753      -1.32334077713840148E-006
  0.15934092445246265      -8.49763399982800260E-007
  0.16790391480339084      -4.41415636526394650E-007
  0.17646318494660299      -2.26395738760210019E-007
  0.18505394378312881      -9.52456690747963131E-008
  0.19368087652750576      -9.52314494796768773E-009
  0.20232845332025898       1.47596319080740834E-007
  0.21098175349645865       2.69819231920806479E-007
  0.21964558337577558       3.45700151533224337E-007
  0.22835362403305617       4.20272650477823695E-007
  0.23708801800625073       4.94187054046486135E-007
  0.24583525753476299       5.95374262965173151E-007
  0.25458809851174991       6.60564323204902715E-007
  0.26338302701019067       6.45471113802989493E-007
  0.27220671833887422       5.56024725489965427E-007
  0.28105117950213859       4.23760135493007895E-007
  0.28990771993256276       2.92454320276972629E-007
  0.29879162582450619       2.03100761189591722E-007
  0.30771234010153381       1.49587349618229837E-007
  0.31666133070418595       1.38929421548625309E-007
  0.32562401834193688       1.46438880886841372E-007
  0.33460992251842686       1.39862306174944051E-007
  0.34363805357667687       1.21142750743145899E-007
  0.35269441912092642       8.88208039097337920E-008
  0.36177116289868771       5.74359582585642903E-008
  0.37087397220629303       3.72373155101655973E-008
  0.38001684064082425       2.56816366154925813E-008
  0.38919004107046218       2.66858118849050419E-008
  0.39839114159907868       2.01051127053132606E-008
  0.40762158228495721       6.22150473500449053E-009
  0.41688943885094942      -1.34555873110286939E-008
  0.42619243006442120      -3.48150351362711691E-008
  0.43553055835315629      -3.42289426886934617E-008
  0.44489829013408250      -1.89321236448297681E-008
  0.45430545360204411       6.76096124506593565E-009
  0.46375340474535909       2.23079127516321446E-008
  0.47323678229391059       4.32749783037169461E-008
  0.48275699235146657       5.57072247721248498E-008
  0.49232039997943378       6.04817177170084708E-008
  0.50192186266362970       5.57874661921871351E-008
  0.51156860810382332       4.96036043325445708E-008
  0.52126125339796336       4.34863107819268013E-008
  0.53099486927842587       4.26817963019351237E-008
  0.54077556461432941       4.77761293333090614E-008
  0.55060822618253180       5.41993538855957413E-008
  0.56048800951900435       5.79308016440162332E-008
  0.57041142339150697       6.27587489058275411E-008
  0.58039234294878483       7.05888764677888719E-008
  0.59043075590883543       6.64897412895777695E-008
  0.60051158006504912       7.44295623451938365E-008
  0.61065007916979941       7.39366580110919352E-008
  0.62085483415816589       6.79750388683005718E-008
  0.63111051790139905       6.66554513102613974E-008
  0.64142326725045895       5.86202466779572537E-008
  0.65180863199196803       5.21396822097605628E-008
  0.66226023011667556       4.80558182557218327E-008
  0.67276829490652568       4.29608110962768214E-008
  0.68335614787296295       3.53918739151625264E-008
  0.69402571913217637       2.94622266877207425E-008
  0.70475622531686755       2.24944779858137628E-008
  0.71557727748374678       1.47793588580521357E-008
  0.72649315955569227       7.53476657076260908E-009
  0.73748595551596874       1.95374300375125709E-009
  0.74858059053321357       4.57694537922982009E-010
  0.75978832352698034       1.63918104410061202E-009
  0.77109238180723816       2.53272189120823735E-009
  0.78251603466965569       3.10206802595341252E-009
  0.79407951042545222       2.75559871188574279E-009
  0.80576413365416988       3.08634395275973750E-009
  0.81759927208619254       2.22762509951906704E-009
  0.82960934250899243       1.52035649776107937E-009
  0.84177378556290594       8.23242235123942956E-010
  0.85414107897552871      -2.48538842826696860E-010
  0.86671330107095756      -3.11107760538574529E-010
  0.87949859588832568       2.70630673958067308E-010
  0.89255296755585012       4.50916562118666708E-010
  0.90593317787598004       5.59259213754863954E-010
  0.91983179640635959       3.43606254912679279E-010
  0.93444787076910973       6.72903205866607484E-011
  0.94990181839491017       4.04478418179711127E-010
  0.96610954776357238       2.96600836014078439E-010
  0.98277819085878504      -8.06155638663312579E-012
   1.0000000000000000      -6.01274734212189910E-011
