   1.3440774531116675        0.0000000000000000        0.0000000000000000       0.10000000000000001        4.8424989718796892E-002
   1.3530642693306925        0.0000000000000000        0.0000000000000000       0.13287682265918310        6.7140719276427702E-002
   1.3606228629232218        0.0000000000000000        0.0000000000000000       0.15909902576697318        8.2694368742742205E-002
   1.3673831166886330        0.0000000000000000        0.0000000000000000       0.18157298807917438        9.6608501733897803E-002
   1.3736132801330567        0.0000000000000000        0.0000000000000000       0.20155644370746376       0.10941633984228059     
   1.3794607531557657        0.0000000000000000        0.0000000000000000       0.21972994789058684       0.12143236593954707     
   1.3850152574345782        0.0000000000000000        0.0000000000000000       0.23651109910530627       0.13284173327453705     
   1.3903363022455979        0.0000000000000000        0.0000000000000000       0.25217801252290017       0.14376879761353165     
   1.3954650863184357        0.0000000000000000        0.0000000000000000       0.26692695630078278       0.15430055615076807     
   1.4004327375821306        0.0000000000000000        0.0000000000000000       0.28090256317805290       0.16450099223103468     
   1.4052621442197990        0.0000000000000000        0.0000000000000000       0.29421505739849552       0.17441869024206941     
   1.4099725323052599        0.0000000000000000        0.0000000000000000       0.30695072894521686       0.18409153819537424     
   1.4145785502757071        0.0000000000000000        0.0000000000000000       0.31917863337009261       0.19354978020291147     
   1.4190911844590377        0.0000000000000000        0.0000000000000000       0.33095505737184316       0.20281800094038041     
   1.4235214211831473        0.0000000000000000        0.0000000000000000       0.34232659844072882       0.21191649449935759     
   1.4278756691393091        0.0000000000000000        0.0000000000000000       0.35333235062756424       0.22086224686703901     
   1.4321630836007690        0.0000000000000000        0.0000000000000000       0.36400549446402591       0.22966965012238469     
   1.4363882422041512        0.0000000000000000        0.0000000000000000       0.37437447829679843       0.23835099706967222     
   1.4405557225860788        0.0000000000000000        0.0000000000000000       0.38446391248074246       0.24691688132471420     
   1.4446719334378244        0.0000000000000000        0.0000000000000000       0.39429525738968763       0.25537653907034696     
   1.4487387058140375        0.0000000000000000        0.0000000000000000       0.40388736053508784       0.26373805524724475     
   1.4527606173513414        0.0000000000000000        0.0000000000000000       0.41325688137041350       0.27200854888802417     
   1.4567413301590351        0.0000000000000000        0.0000000000000000       0.42241863121789502       0.28019436513136836     
   1.4606817597644428        0.0000000000000000        0.0000000000000000       0.43138584816843495       0.28830113994145734     
   1.4645864838041880        0.0000000000000000        0.0000000000000000       0.44017042154147523       0.29633391965215067     
   1.4684555022782710        0.0000000000000000        0.0000000000000000       0.44878307677540608       0.30429726188637335     
   1.4722924772959902        0.0000000000000000        0.0000000000000000       0.45723352895429709       0.31219527496262112     
   1.4760983243846704        0.0000000000000000        0.0000000000000000       0.46553061123840184       0.32003169557756600     
   1.4798757901262856        0.0000000000000000        0.0000000000000000       0.47368238303741045       0.32780991629570166     
   1.4836248745208360        0.0000000000000000        0.0000000000000000       0.48169622169994231       0.33553303808345042     
   1.4873483241502954        0.0000000000000000        0.0000000000000000       0.48957890068915344       0.34320390253797212     
   1.4910461390146641        0.0000000000000000        0.0000000000000000       0.49733665660194404       0.35082511819555351     
   1.4947201501685907        0.0000000000000000        0.0000000000000000       0.50497524691810391       0.35839909346278304     
   1.4983712731394008        0.0000000000000000        0.0000000000000000       0.51249999999999996       0.36592804715006816     
   1.5020004234544182        0.0000000000000000        0.0000000000000000       0.51991585857713551       0.37341403688302599     
   1.5056085166409685        0.0000000000000000        0.0000000000000000       0.52722741772407855       0.38085897731858021     
   1.5091973837537003        0.0000000000000000        0.0000000000000000       0.53443895816079878       0.38826463497778196     
   1.5127661092652893        0.0000000000000000        0.0000000000000000       0.54155447556086178       0.39563266088000115     
   1.5163174397577097        0.0000000000000000        0.0000000000000000       0.54857770643729231       0.40296460019174751     
   1.5198504597036364        0.0000000000000000        0.0000000000000000       0.55551215108222429       0.41026188331345709     
   1.5233660846303940        0.0000000000000000        0.0000000000000000       0.56236109396009970       0.41752585897517103     
   1.5268643145379830        0.0000000000000000        0.0000000000000000       0.56912762189161048       0.42475780061460189     
   1.5303478960083772        0.0000000000000000        0.0000000000000000       0.57581464031405105       0.43195889732172282     
   1.5338149979869273        0.0000000000000000        0.0000000000000000       0.58242488786108726       0.43913026533591865     
   1.5372674515282825        0.0000000000000000        0.0000000000000000       0.58896094946948729       0.44627295403811590     
   1.5407061721597672        0.0000000000000000        0.0000000000000000       0.59542526819072772       0.45338795071219840     
   1.5441302443540577        0.0000000000000000        0.0000000000000000       0.60182015586053617       0.46047619163873549     
   1.5475405836384775        0.0000000000000000        0.0000000000000000       0.60814780275850711       0.46753857103128627     
   1.5509371900130275        0.0000000000000000        0.0000000000000000       0.61441028637222539       0.47457593006883192     
   1.5543218945323565        0.0000000000000000        0.0000000000000000       0.62060957936532046       0.48158905915328076     
   1.5576937816691399        0.0000000000000000        0.0000000000000000       0.62674755683608374       0.48857871071728182     
   1.5610537669507027        0.0000000000000000        0.0000000000000000       0.63282600294235691       0.49554560150147053     
   1.5644009348497201        0.0000000000000000        0.0000000000000000       0.63884661695903189       0.50249041248544035     
   1.5677371164208413        0.0000000000000000        0.0000000000000000       0.64481101882644654       0.50941378461184317     
   1.5710623116640663        0.0000000000000000        0.0000000000000000       0.65072075424101850       0.51631633571586122     
   1.5743765205793956        0.0000000000000000        0.0000000000000000       0.65657729933344477       0.52319866269698390     
   1.5776797431668284        0.0000000000000000        0.0000000000000000       0.66238206497458840       0.53006131760939545     
   1.5809728949536899        0.0000000000000000        0.0000000000000000       0.66813640074463843       0.53690482632436043     
   1.5842550604126548        0.0000000000000000        0.0000000000000000       0.67384159859717774       0.54372970449997016     
   1.5875280705983736        0.0000000000000000        0.0000000000000000       0.67949889624634419       0.55053644721664174     
   1.5907910099835205        0.0000000000000000        0.0000000000000000       0.68510948030223606       0.55732552322545204     
   1.5940438785680964        0.0000000000000000        0.0000000000000000       0.69067448917706520       0.56409737698791973     
   1.5972885074067498        0.0000000000000000        0.0000000000000000       0.69619501578221599       0.57085243060976243     
   1.6005230654448319        0.0000000000000000        0.0000000000000000       0.70167211003430940       0.57759109384725860     
   1.6037484682096670        0.0000000000000000        0.0000000000000000       0.70710678118654757       0.58431376427158610     
   1.6069656312285807        0.0000000000000000        0.0000000000000000       0.71249999999999991       0.59102081984336874     
   1.6101745545015718        0.0000000000000000        0.0000000000000000       0.71785270076806140       0.59771262021433302     
   1.6133743225013160        0.0000000000000000        0.0000000000000000       0.72316578320603642       0.60438951616812375     
   1.6165658507551386        0.0000000000000000        0.0000000000000000       0.72844011421667332       0.61105184228357989     
   1.6197491392630388        0.0000000000000000        0.0000000000000000       0.73367652954145945       0.61769991705296701     
   1.6229241880250169        0.0000000000000000        0.0000000000000000       0.73887583530658241       0.62433405255137830     
   1.6260919125683977        0.0000000000000000        0.0000000000000000       0.74403880947165657       0.63095454650406646     
   1.6292513973658560        0.0000000000000000        0.0000000000000000       0.74916620318858484       0.63756169161290499     
   1.6324035579447174        0.0000000000000000        0.0000000000000000       0.75425874207727939       0.64415576084294290     
   1.6355474787776567        0.0000000000000000        0.0000000000000000       0.75931712742437196       0.65073701978518239     
   1.6386849909193228        0.0000000000000000        0.0000000000000000       0.76434203731052242       0.65730573356305522     
   1.6418142633150676        0.0000000000000000        0.0000000000000000       0.76933412767145593       0.66386214162158064     
   1.6449371270195390        0.0000000000000000        0.0000000000000000       0.77429403329742896       0.67040648220861132     
   1.6480526665054129        0.0000000000000000        0.0000000000000000       0.77922236877543494       0.67693899566239435     
   1.6511608817726897        0.0000000000000000        0.0000000000000000       0.78411972937810970       0.68345990705720883     
   1.6542617728213691        0.0000000000000000        0.0000000000000000       0.78898669190297499       0.68996942919439341     
   1.6573571707061006        0.0000000000000000        0.0000000000000000       0.79382381546537140       0.69646777251123526     
   1.6604452443722342        0.0000000000000000        0.0000000000000000       0.79863164224816441       0.70295514295071726     
   1.6635259938197708        0.0000000000000000        0.0000000000000000       0.80341069821107070       0.70943173028397899     
   1.6666012501033591        0.0000000000000000        0.0000000000000000       0.80816149376223068       0.71589772473374513     
   1.6696691821683503        0.0000000000000000        0.0000000000000000       0.81288452439445547       0.72235331675094305     
   1.6727316210693930        0.0000000000000000        0.0000000000000000       0.81758027128839161       0.72879868316164531     
   1.6757867357518388        0.0000000000000000        0.0000000000000000       0.82224920188468409       0.73523399074799523     
   1.6788363572703362        0.0000000000000000        0.0000000000000000       0.82689177042706141       0.74165940398284380     
   1.6818795700975608        0.0000000000000000        0.0000000000000000       0.83150841847812940       0.74807509018634943     
   1.6849172897608375        0.0000000000000000        0.0000000000000000       0.83609957540953217       0.75448120836942645     
   1.6879476852055166        0.0000000000000000        0.0000000000000000       0.84066565886801869       0.76087791189510889     
   1.6909735030135726        0.0000000000000000        0.0000000000000000       0.84520707521884830       0.76726535054114753     
   1.6939919966030310        0.0000000000000000        0.0000000000000000       0.84972421996786696       0.77364366179696187     
   1.6970059125558663        0.0000000000000000        0.0000000000000000       0.85421747816349436       0.78001298646857975     
   1.7000134198174288        0.0000000000000000        0.0000000000000000       0.85868722477977977       0.78637346706104905     
   1.7030154339150427        0.0000000000000000        0.0000000000000000       0.86313382508160341       0.79272523061628763     
   1.7060110393213843        0.0000000000000000        0.0000000000000000       0.86755763497303162       0.79906840240711863     
   1.7090020670911026        0.0000000000000000        0.0000000000000000       0.87195900132976434       0.80540311143356114     
   1.7119866861695481        0.0000000000000000        0.0000000000000000       0.87633826231655543       0.81172947422970931     
   1.7149667276113700        0.0000000000000000        0.0000000000000000       0.88069574769042691       0.81804761005583027     
   1.7179403603619192        0.0000000000000000        0.0000000000000000       0.88503177909044606       0.82435764026413194     
   1.7209084999485205        0.0000000000000000        0.0000000000000000       0.88934667031478787       0.83065966998663565     
   1.7238720618984984        0.0000000000000000        0.0000000000000000       0.89364072758575630       0.83695380471917136     
   1.7268292151572038        0.0000000000000000        0.0000000000000000       0.89791424980339851       0.84324015084903325     
   1.7297817907792856        0.0000000000000000        0.0000000000000000       0.90216752878830653       0.84951881233079107     
   1.7327288732374191        0.0000000000000000        0.0000000000000000       0.90640084951416500       0.85578989432288788     
   1.7356704625316048        0.0000000000000000        0.0000000000000000       0.91061449033056796       0.86205349257662700     
   1.7386074741891671        0.0000000000000000        0.0000000000000000       0.91480872317659934       0.86830970073237723     
   1.7415389926827809        0.0000000000000000        0.0000000000000000       0.91898381378564009       0.87455860920267292     
   1.7444659335397721        0.0000000000000000        0.0000000000000000       0.92314002188183786       0.88080030618875615     
   1.7473864657054901        0.0000000000000000        0.0000000000000000       0.92727760136865167       0.88703488287947818     
   1.7503033357619093        0.0000000000000000        0.0000000000000000       0.93139680050985785       0.89326242698009106     
   1.7532147126543809        0.0000000000000000        0.0000000000000000       0.93549786210338293       0.89948301834494204     
   1.7561205963829041        0.0000000000000000        0.0000000000000000       0.93958102364830687       0.90569674023308333     
   1.7590219024748039        0.0000000000000000        0.0000000000000000       0.94364651750536332       0.91190367328190958     
   1.7619177154027559        0.0000000000000000        0.0000000000000000       0.94769457105124333       0.91810389017104632     
   1.7648098662214089        0.0000000000000000        0.0000000000000000       0.95172540682699014       0.92429747241466875     
   1.7676965238761138        0.0000000000000000        0.0000000000000000       0.95573924268076382       0.93048449434580516     
   1.7705776883668707        0.0000000000000000        0.0000000000000000       0.95973629190522958       0.93666502239576654     
   1.7734542752210041        0.0000000000000000        0.0000000000000000       0.96371676336981915       0.94283912570163708     
   1.7763262844385146        0.0000000000000000        0.0000000000000000       0.96768086164809519       0.94900687755662561     
   1.7791937160194014        0.0000000000000000        0.0000000000000000       0.97162878714043865       0.95516834435340203     
   1.7820565699636648        0.0000000000000000        0.0000000000000000       0.97556073619226802       0.96132359042521465     
   1.7849139307439803        0.0000000000000000        0.0000000000000000       0.97947690120798669       0.96747267946159132     
   1.7877676294149971        0.0000000000000000        0.0000000000000000       0.98337747076084681       0.97361568745874072     
   1.7906158349220658        0.0000000000000000        0.0000000000000000       0.98726262969890644       0.97975261663495838     
   1.7934585472651863        0.0000000000000000        0.0000000000000000       0.99113255924724819       0.98588374468444584     
   1.7962975974990081        0.0000000000000000        0.0000000000000000       0.99498743710661985       0.99200830215225366     
