  0.10000000000000001        4.8424989718796892E-002   1.1641881754593626E+019
  0.13287682265918310        6.7140719276427702E-002   1.1564427278600516E+019
  0.15909902576697318        8.2694368742742205E-002   1.1506172076601047E+019
  0.18157298807917438        9.6608501733897803E-002   1.1455980534529442E+019
  0.20155644370746376       0.10941633984228059        1.1405367254874788E+019
  0.21972994789058684       0.12143236593954707        1.1359677435674210E+019
  0.23651109910530627       0.13284173327453705        1.1325535138372479E+019
  0.25217801252290017       0.14376879761353165        1.1304083720864168E+019
  0.26692695630078278       0.15430055615076807        1.1293166308101798E+019
  0.28090256317805290       0.16450099223103468        1.1290328216926456E+019
  0.29421505739849552       0.17441869024206941        1.1291314472318706E+019
  0.30695072894521686       0.18409153819537424        1.1291088227800426E+019
  0.31917863337009261       0.19354978020291147        1.1285036152490232E+019
  0.33095505737184316       0.20281800094038041        1.1273975223378694E+019
  0.34232659844072882       0.21191649449935759        1.1262462722632616E+019
  0.35333235062756424       0.22086224686703901        1.1255110459362427E+019
  0.36400549446402591       0.22966965012238469        1.1253869201858034E+019
  0.37437447829679843       0.23835099706967222        1.1255341715612932E+019
  0.38446391248074246       0.24691688132471420        1.1255490444935213E+019
  0.39429525738968763       0.25537653907034696        1.1250579061115113E+019
  0.40388736053508784       0.26373805524724475        1.1240779433453158E+019
  0.41325688137041350       0.27200854888802417        1.1228992300401705E+019
  0.42241863121789502       0.28019436513136836        1.1218174180648032E+019
  0.43138584816843495       0.28830113994145734        1.1210921409618842E+019
  0.44017042154147523       0.29633391965215067        1.1207696398390678E+019
  0.44878307677540608       0.30429726188637335        1.1208178638269727E+019
  0.45723352895429709       0.31219527496262112        1.1212046429028952E+019
  0.46553061123840184       0.32003169557756600        1.1218378134326118E+019
  0.47368238303741045       0.32780991629570166        1.1223556330614653E+019
  0.48169622169994231       0.33553303808345042        1.1223206728595907E+019
  0.48957890068915344       0.34320390253797212        1.1212954999693873E+019
  0.49733665660194404       0.35082511819555351        1.1189454469074881E+019
  0.50497524691810391       0.35839909346278304        1.1154454850826656E+019
  0.51249999999999996       0.36592804715006816        1.1111282788387641E+019
  0.51991585857713551       0.37341403688302599        1.1063265393248557E+019
  0.52722741772407855       0.38085897731858021        1.1013429730836330E+019
  0.53443895816079878       0.38826463497778196        1.0962493581281327E+019
  0.54155447556086178       0.39563266088000115        1.0910102668234037E+019
  0.54857770643729231       0.40296460019174751        1.0855896812284756E+019
  0.55551215108222429       0.41026188331345709        1.0799538913709963E+019
  0.56236109396009970       0.41752585897517103        1.0741115490360207E+019
  0.56912762189161048       0.42475780061460189        1.0681084496096481E+019
  0.57581464031405105       0.43195889732172282        1.0619916471587148E+019
  0.58242488786108726       0.43913026533591865        1.0558081261671576E+019
  0.58896094946948729       0.44627295403811590        1.0495942412494166E+019
  0.59542526819072772       0.45338795071219840        1.0433643915473992E+019
  0.60182015586053617       0.46047619163873549        1.0371302605668438E+019
  0.60814780275850711       0.46753857103128627        1.0309035318134893E+019
  0.61441028637222539       0.47457593006883192        1.0246928370561212E+019
  0.62060957936532046       0.48158905915328076        1.0184861833909895E+019
  0.62674755683608374       0.48857871071728182        1.0122630383883342E+019
  0.63282600294235691       0.49554560150147053        1.0060028423248669E+019
  0.63884661695903189       0.50249041248544035        9.9968501244564726E+018
  0.64481101882644654       0.50941378461184317        9.9328780842175406E+018
  0.65072075424101850       0.51631633571586122        9.8678781400252887E+018
  0.65657729933344477       0.52319866269698390        9.8016148176557793E+018
  0.66238206497458840       0.53006131760939545        9.7338526428850852E+018
  0.66813640074463843       0.53690482632436043        9.6643688809464259E+018
  0.67384159859717774       0.54372970449997016        9.5930273315163034E+018
  0.67949889624634419       0.55053644721664174        9.5197277867232379E+018
  0.68510948030223606       0.55732552322545204        9.4443701565345280E+018
  0.69067448917706520       0.56409737698791973        9.3668545937449267E+018
  0.69619501578221599       0.57085243060976243        9.2871151234099548E+018
  0.70167211003430940       0.57759109384725860        9.2051541205898383E+018
  0.70710678118654757       0.58431376427158610        9.1209821835607501E+018
  0.71249999999999991       0.59102081984336874        9.0346099105988721E+018
  0.71785270076806140       0.59771262021433302        8.9460577717758044E+018
  0.72316578320603642       0.60438951616812375        8.8554984676955023E+018
  0.72844011421667332       0.61105184228357989        8.7632242415545836E+018
  0.73367652954145945       0.61769991705296701        8.6695305507777167E+018
  0.73887583530658241       0.62433405255137830        8.5747128527895613E+018
  0.74403880947165657       0.63095454650406646        8.4790907793783020E+018
  0.74916620318858484       0.63756169161290499        8.3831149143728620E+018
  0.75425874207727939       0.64415576084294290        8.2872799770229340E+018
  0.75931712742437196       0.65073701978518239        8.1920807202912358E+018
  0.76434203731052242       0.65730573356305522        8.0980117215842847E+018
  0.76933412767145593       0.66386214162158064        8.0055022688503398E+018
  0.77429403329742896       0.67040648220861132        7.9148189303881114E+018
  0.77922236877543494       0.67693899566239435        7.8262033467672494E+018
  0.78411972937810970       0.68345990705720883        7.7398971585574083E+018
  0.78898669190297499       0.68996942919439341        7.6561422992199854E+018
  0.79382381546537140       0.69646777251123526        7.5751935939283988E+018
  0.79863164224816441       0.70295514295071726        7.4973235417458862E+018
  0.80341069821107070       0.70943173028397899        7.4228059210078505E+018
  0.80816149376223068       0.71589772473374513        7.3519145100496886E+018
  0.81288452439445547       0.72235331675094305        7.2849084428653947E+018
  0.81758027128839161       0.72879868316164531        7.2217870696575078E+018
  0.82224920188468409       0.73523399074799523        7.1623266811134249E+018
  0.82689177042706141       0.74165940398284380        7.1062963219597537E+018
  0.83150841847812940       0.74807509018634943        7.0534650369231022E+018
  0.83609957540953217       0.75448120836942645        7.0036173096497992E+018
  0.84066565886801869       0.76087791189510889        6.9566971900619622E+018
  0.84520707521884830       0.76726535054114753        6.9127429459621724E+018
  0.84972421996786696       0.77364366179696187        6.8717940660994888E+018
  0.85421747816349436       0.78001298646857975        6.8338900392229683E+018
  0.85868722477977977       0.78637346706104905        6.7991193242974566E+018
  0.86313382508160341       0.79272523061628763        6.7679258360573798E+018
  0.86755763497303162       0.79906840240711863        6.7409103105941432E+018
  0.87195900132976434       0.80540311143356114        6.7186741718009907E+018
  0.87633826231655543       0.81172947422970931        6.7018188435711631E+018
  0.88069574769042691       0.81804761005583027        6.6906127801234330E+018
  0.88503177909044606       0.82435764026413194        6.6833985678670244E+018
  0.88934667031478787       0.83065966998663565        6.6778279763313234E+018
  0.89364072758575630       0.83695380471917136        6.6715518846047457E+018
  0.89791424980339851       0.84324015084903325        6.6622211717757153E+018
  0.90216752878830653       0.84951881233079107        6.6476054595969853E+018
  0.90640084951416500       0.85578989432288788        6.6260808380276685E+018
  0.91061449033056796       0.86205349257662700        6.5962165122578493E+018
  0.91480872317659934       0.86830970073237723        6.5565817693013801E+018
  0.91898381378564009       0.87455860920267292        6.5057458961721149E+018
  0.92314002188183786       0.88080030618875615        6.4420576979969516E+018
  0.92727760136865167       0.88703488287947818        6.3627750808341617E+018
  0.93139680050985785       0.89326242698009106        6.2648191657641964E+018
  0.93549786210338293       0.89948301834494204        6.1451109768743926E+018
  0.93958102364830687       0.90569674023308333        6.0005715382520945E+018
  0.94364651750536332       0.91190367328190958        5.8296585028949187E+018
  0.94769457105124333       0.91810389017104632        5.6388691553651333E+018
  0.95172540682699014       0.92429747241466875        5.4373212913969172E+018
  0.95573924268076382       0.93048449434580516        5.2341341443792148E+018
  0.95973629190522958       0.93666502239576654        5.0384269477009674E+018
  0.96371676336981915       0.94283912570163708        4.8564711839024148E+018
  0.96768086164809519       0.94900687755662561        4.6773775020647608E+018
  0.97162878714043865       0.95516834435340203        4.4838596349419950E+018
  0.97556073619226802       0.96132359042521465        4.2586204399890744E+018
  0.97947690120798669       0.96747267946159132        3.9843627746609582E+018
  0.98337747076084681       0.97361568745874072        3.6463588736845763E+018
  0.98726262969890644       0.97975261663495838        3.2493562231955963E+018
  0.99113255924724819       0.98588374468444584        2.8070250211276431E+018
  0.99498743710661985       0.99200830215225366        2.3330818788371016E+018
