           1   3.0733765155161580E-003   0.0000000000000000        3.5377224608007923E-005   3.9407493655379156E-007  -5.0375546387254977E-007  -8.3481546311204895E-009  -8.0870610536187016E-007   6.3052267278215479E-008
           2   3.0653718627231962E-003   0.0000000000000000        4.3831391829130178E-005   4.9022697355426807E-007  -7.7923866254525814E-007  -1.2293372345948388E-008  -1.0002448604923456E-006   7.8132223553507963E-008
           3   3.0558067936746255E-003   0.0000000000000000        5.2110492751972411E-005   5.8509207521814748E-007  -1.1060290649838871E-006  -1.7357382951607149E-008  -1.1870094806670496E-006   9.3067046854005633E-008
           4   3.0442221566834306E-003   0.0000000000000000        6.0581772269225675E-005   6.8279028128363878E-007  -1.4957654179317546E-006  -2.3628511068432605E-008  -1.3782056399212718E-006   1.0853005008064515E-007
           5   3.0301684180781907E-003   0.0000000000000000        6.9412335288351085E-005   7.8403877638069989E-007  -1.9608964174946509E-006  -3.1218194160700061E-008  -1.5765307218803720E-006   1.2419613118393358E-007
           6   3.0132089378226289E-003   0.0000000000000000        7.8670015043511037E-005   8.8658486174977402E-007  -2.5166565192027029E-006  -3.9926792652940983E-008  -1.7829233572884707E-006   1.4102993056563131E-007
           7   2.9929285815860685E-003   0.0000000000000000        8.8361192500215478E-005   9.8989919462392434E-007  -3.1791797189492291E-006  -4.9709919980104361E-008  -1.9965360253541618E-006   1.5918420506278482E-007
           8   2.9692561239968935E-003   0.0000000000000000        9.8328546460778427E-005   1.0936577612633483E-006  -3.9513531514651219E-006  -6.1205316483950824E-008  -2.2139561412278099E-006   1.7854385682917881E-007
           9   2.9426331240230428E-003   0.0000000000000000        1.0827689493399553E-004   1.1961616215587608E-006  -4.8170529646006379E-006  -7.3799395744152248E-008  -2.4284154274481322E-006   1.9818166953238484E-007
          10   2.9135433079654533E-003   0.0000000000000000        1.1800021413040456E-004   1.2961335980703282E-006  -5.7557006206627634E-006  -8.7571688267839340E-008  -2.6362780871636742E-006   2.1700383696703538E-007
          11   2.8823666410423081E-003   0.0000000000000000        1.2739346711253068E-004   1.3924703808916533E-006  -6.7508797811532243E-006  -1.0208570324374600E-007  -2.8346762917482386E-006   2.3468580695396458E-007
          12   2.8491300981198894E-003   0.0000000000000000        1.3647658092978002E-004   1.4854296386978846E-006  -7.7983358931268881E-006  -1.1711368322648880E-007  -3.0240788403507816E-006   2.5144644697339323E-007
          13   2.8137904456873365E-003   0.0000000000000000        1.4527724093586270E-004   1.5736710190786299E-006  -8.8973567278488761E-006  -1.3255398558260777E-007  -3.2054932130781878E-006   2.6716063439256831E-007
          14   2.7764087947604187E-003   0.0000000000000000        1.5378858296187427E-004   1.6579889752758384E-006  -1.0043697923197972E-005  -1.4834203773672164E-007  -3.3785587425670976E-006   2.8263866562233588E-007
          15   2.7371432053873929E-003   0.0000000000000000        1.6198367504983291E-004   1.7376641937528581E-006  -1.1230162431495193E-005  -1.6462013646843145E-007  -3.5429830407900396E-006   2.9741280160580306E-007
          16   2.6961396284116458E-003   0.0000000000000000        1.6984321677275253E-004   1.8131301329276411E-006  -1.2449945555283549E-005  -1.8134683858479174E-007  -3.6990035711749936E-006   3.1199726094323937E-007
          17   2.6535164577892083E-003   0.0000000000000000        1.7735568718493138E-004   1.8839961175794867E-006  -1.3696268956911893E-005  -1.9781696554907954E-007  -3.8467505445468025E-006   3.2566026542468451E-007
          18   2.6093954503104803E-003   0.0000000000000000        1.8451148570563117E-004   1.9493903132941595E-006  -1.4962940994382760E-005  -2.1454041493788746E-007  -3.9862073466394974E-006   3.3877109249350908E-007
          19   2.5639022399110921E-003   0.0000000000000000        1.9130125099702772E-004   2.0110922636415183E-006  -1.6243116077310036E-005  -2.3094937970796010E-007  -4.1177736306259362E-006   3.5101948915858291E-007
          20   2.5171537741351417E-003   0.0000000000000000        1.9771874093795660E-004   2.0676270643734118E-006  -1.7530602404963037E-005  -2.4718124211559583E-007  -4.2416952688669634E-006   3.6230443642416547E-007
          21   2.4692650946216113E-003   0.0000000000000000        2.0375796151298153E-004   2.1193823987262027E-006  -1.8819077193433910E-005  -2.6306218830242594E-007  -4.3585887967985086E-006   3.7264528073088019E-007
          22   2.4203589339664589E-003   0.0000000000000000        2.0941493941705901E-004   2.1669654238879669E-006  -2.0102648137573412E-005  -2.7885517907310030E-007  -4.4688286669207696E-006   3.8243669645206790E-007
          23   2.3705639619067687E-003   0.0000000000000000        2.1468462267017633E-004   2.2095578346879954E-006  -2.1375160977811614E-005  -2.9393668908463061E-007  -4.5724433734162482E-006   3.9115696957640537E-007
          24   2.3200096134170949E-003   0.0000000000000000        2.1956374828319686E-004   2.2477361180721711E-006  -2.2630322353680057E-005  -3.0864679002224415E-007  -4.6709196874827169E-006   3.9906954147169096E-007
          25   2.2688246070484076E-003   0.0000000000000000        2.2405070117728417E-004   2.2812275218610751E-006  -2.3862723653009514E-005  -3.2251708989744732E-007  -4.7636831706799696E-006   4.0592224483078073E-007
          26   2.2171254718056331E-003   0.0000000000000000        2.2814628509302136E-004   2.3100677462957875E-006  -2.5066766565939025E-005  -3.3573209586638276E-007  -4.8521608184907318E-006   4.1194649825383125E-007
          27   2.1650283734230276E-003   0.0000000000000000        2.3185187880292614E-004   2.3346030658718337E-006  -2.6237983970860655E-005  -3.4819582347884466E-007  -4.9363189731208180E-006   4.1703378789753834E-007
          28   2.1126493684637134E-003   0.0000000000000000        2.3516975399623299E-004   2.3543830745070522E-006  -2.7370974555638063E-005  -3.5970734364261566E-007  -5.0172363924322594E-006   4.2125899605961933E-007
          29   2.0601026044416320E-003   0.0000000000000000        2.3810372944129635E-004   2.3701816726119586E-006  -2.8461710234945292E-005  -3.7043738215637219E-007  -5.0951098949307319E-006   4.2443254157430904E-007
          30   2.0074981863813820E-003   0.0000000000000000        2.4065935972293612E-004   2.3817691166323380E-006  -2.9506231360063264E-005  -3.8042279706466387E-007  -5.1705591963750949E-006   4.2681269149880268E-007
          31   1.9549379863435788E-003   0.0000000000000000        2.4284193167675090E-004   2.3895845979679125E-006  -3.0500603488629952E-005  -3.8931400701408765E-007  -5.2443464786789911E-006   4.2824412839576399E-007
          32   1.9025191366385534E-003   0.0000000000000000        2.4465906826160063E-004   2.3935271179761081E-006  -3.1441897568549602E-005  -3.9731804809681362E-007  -5.3169422424746616E-006   4.2882818353223409E-007
          33   1.8503363995361962E-003   0.0000000000000000        2.4611905873327247E-004   2.3931363041094180E-006  -3.2327008052434652E-005  -4.0414584167709577E-007  -5.3887594966248804E-006   4.2849995532830478E-007
          34   1.7984812667032374E-003   0.0000000000000000        2.4723023517109877E-004   2.3896830724883299E-006  -3.3153565340581362E-005  -4.1003150523128450E-007  -5.4602768882308589E-006   4.2734471373056926E-007
          35   1.7470368141635640E-003   0.0000000000000000        2.4800290421765864E-004   2.3825907768010889E-006  -3.3919728201139889E-005  -4.1498621491525999E-007  -5.5318981684553086E-006   4.2538662341246720E-007
          36   1.6960839195568720E-003   0.0000000000000000        2.4844752800539668E-004   2.3720619390486606E-006  -3.4623716427030341E-005  -4.1876820861614944E-007  -5.6039195161062068E-006   4.2256902991796494E-007
          37   1.6456940348253649E-003   0.0000000000000000        2.4857546739772009E-004   2.3585178672741224E-006  -3.5264316966568721E-005  -4.2153785988761177E-007  -5.6769128182911942E-006   4.1894967986862845E-007
          38   1.5959354925488458E-003   0.0000000000000000        2.4839814293123265E-004   2.3417948615046746E-006  -3.5840617012293216E-005  -4.2325147659088107E-007  -5.7509836436146144E-006   4.1459944203910747E-007
          39   1.5468741878205069E-003   0.0000000000000000        2.4792812504658123E-004   2.3225585739623310E-006  -3.6351864681005675E-005  -4.2407659284489604E-007  -5.8265977841837518E-006   4.0963849406044914E-007
          40   1.4985664806304207E-003   0.0000000000000000        2.4717850265121560E-004   2.3006572823143815E-006  -3.6798419852865740E-005  -4.2383605603448271E-007  -5.9036837849781684E-006   4.0381772174960596E-007
          41   1.4510635955629133E-003   0.0000000000000000        2.4616192970027819E-004   2.2762488430257267E-006  -3.7180085609844388E-005  -4.2259146114753724E-007  -5.9826366941217352E-006   3.9743073943243034E-007
          42   1.4044132557817746E-003   0.0000000000000000        2.4489208791776576E-004   2.2494616049771752E-006  -3.7497452946260695E-005  -4.2062068672492263E-007  -6.0634685808787971E-006   3.9069990860008288E-007
          43   1.3586572139807334E-003   0.0000000000000000        2.4338275776649167E-004   2.2206113017930691E-006  -3.7751455002969836E-005  -4.1760142054703177E-007  -6.1461365570068396E-006   3.8325055291753201E-007
          44   1.3138329099227491E-003   0.0000000000000000        2.4164737980713491E-004   2.1895886982619319E-006  -3.7942938479223347E-005  -4.1354749717776312E-007  -6.2309092145778549E-006   3.7518871693185061E-007
          45   1.2699736979293844E-003   0.0000000000000000        2.3970021276445170E-004   2.1568935944719379E-006  -3.8073476846067067E-005  -4.0879170238459386E-007  -6.3174635883518403E-006   3.6669713897118957E-007
          46   1.2271060220596720E-003   0.0000000000000000        2.3755472096227031E-004   2.1226239743064520E-006  -3.8144366353989015E-005  -4.0327960405804821E-007  -6.4060677542931556E-006   3.5788029257919406E-007
          47   1.1852512709561022E-003   0.0000000000000000        2.3522513766919086E-004   2.0868675814452127E-006  -3.8157684827752545E-005  -3.9699372317607148E-007  -6.4962938483584276E-006   3.4859067618041568E-007
          48   1.1444301991699207E-003   0.0000000000000000        2.3272504402655031E-004   2.0496880293668171E-006  -3.8115050886522593E-005  -3.8991354293346203E-007  -6.5884160680892330E-006   3.3896669167519049E-007
          49   1.1046571580320063E-003   0.0000000000000000        2.3006823226882995E-004   2.0115120501214298E-006  -3.8018925730823447E-005  -3.8233398362958260E-007  -6.6818975356034250E-006   3.2914185976354691E-007
          50   1.0659426226264129E-003   0.0000000000000000        2.2726752529857920E-004   1.9720228984376020E-006  -3.7871302543364937E-005  -3.7394666507023762E-007  -6.7766860226634955E-006   3.1899881446641760E-007
          51   1.0282931989518916E-003   0.0000000000000000        2.2433657802312522E-004   1.9318052611074722E-006  -3.7674620345298315E-005  -3.6506606923034146E-007  -6.8727120369344174E-006   3.0867480555834155E-007
          52   9.9171257738478002E-004   0.0000000000000000        2.2128795229491653E-004   1.8907120197204181E-006  -3.7431394605459800E-005  -3.5554386957796041E-007  -6.9696048923886082E-006   2.9807333642429617E-007
          53   9.5620064220798301E-004   0.0000000000000000        2.1813422535575110E-004   1.8490342637541339E-006  -3.7144123764242597E-005  -3.4556216797688030E-007  -7.0672114467106141E-006   2.8738456474409225E-007
          54   9.2175506115837189E-004   0.0000000000000000        2.1488716079867952E-004   1.8067752742128133E-006  -3.6815379744143885E-005  -3.3508785010964503E-007  -7.1652367645477868E-006   2.7656547912415275E-007
          55   8.8836990046823596E-004   0.0000000000000000        2.1155865316320802E-004   1.7642077645300472E-006  -3.6447819578003180E-005  -3.2421226844275332E-007  -7.2634342499253139E-006   2.6567962007068001E-007
          56   8.5603615542865932E-004   0.0000000000000000        2.0815987016352088E-004   1.7212760290168946E-006  -3.6043923542992482E-005  -3.1301799372082695E-007  -7.3616996717916407E-006   2.5487191294586830E-007
          57   8.2474317867354088E-004   0.0000000000000000        2.0470161905419604E-004   1.6783089694010690E-006  -3.5606490282272454E-005  -3.0152716024751001E-007  -7.4595731827262774E-006   2.4398686674394815E-007
          58   7.9447834118865929E-004   0.0000000000000000        2.0119389270786841E-004   1.6350207001715249E-006  -3.5137899461251736E-005  -2.8967456049831657E-007  -7.5568996701310820E-006   2.3320976804900833E-007
          59   7.6522576538006111E-004   0.0000000000000000        1.9764653761247564E-004   1.5917437272975363E-006  -3.4640787870594463E-005  -2.7750043141798923E-007  -7.6534084242087254E-006   2.2238974678982895E-007
          60   7.3696855636399964E-004   0.0000000000000000        1.9406874116238603E-004   1.5484706074845014E-006  -3.4117651567624086E-005  -2.6519014266828972E-007  -7.7488461488714821E-006   2.1178698667427186E-007
          61   7.0968772757536299E-004   0.0000000000000000        1.9046897878125145E-004   1.5055265022072207E-006  -3.3570869147330562E-005  -2.5270731704451206E-007  -7.8429764454119317E-006   2.0122489067290775E-007
          62   6.8336242356813680E-004   0.0000000000000000        1.8685515763540648E-004   1.4626863390005236E-006  -3.3002687125220282E-005  -2.4010974548305339E-007  -7.9356328888686532E-006   1.9090252967515764E-007
          63   6.5797013431437702E-004   0.0000000000000000        1.8323487980462548E-004   1.4200112223395147E-006  -3.2415587919268791E-005  -2.2729668469884188E-007  -8.0264066467016335E-006   1.8072738904447549E-007
          64   6.3348844345789885E-004   0.0000000000000000        1.7961453740954320E-004   1.3777155999420193E-006  -3.1811453555060362E-005  -2.1443264920044240E-007  -8.1152864278634620E-006   1.7076656218826441E-007
          65   6.0989285211718400E-004   0.0000000000000000        1.7600063705414958E-004   1.3358144374075784E-006  -3.1192574933284190E-005  -2.0150899314347029E-007  -8.2019035987473159E-006   1.6100893563443918E-007
          66   5.8715927207131304E-004   0.0000000000000000        1.7239849547326621E-004   1.2942697939635790E-006  -3.0560894017652076E-005  -1.8853888075456811E-007  -8.2858883528515085E-006   1.5147907022503034E-007
          67   5.6526288706051865E-004   0.0000000000000000        1.6881347272608888E-004   1.2531081401654209E-006  -2.9918158557386886E-005  -1.7561542632580745E-007  -8.3672937950671028E-006   1.4227018723766297E-007
          68   5.4417914035212163E-004   0.0000000000000000        1.6525028135053966E-004   1.2124334017239122E-006  -2.9266338323539012E-005  -1.6265565750222259E-007  -8.4457601768809152E-006   1.3330040305357096E-007
          69   5.2388374877472554E-004   0.0000000000000000        1.6171316159199710E-004   1.1722437525788980E-006  -2.8607087158119093E-005  -1.4972866465500142E-007  -8.5210562961127658E-006   1.2460654253079061E-007
          70   5.0435215378157147E-004   0.0000000000000000        1.5820626123991559E-004   1.1326166960809825E-006  -2.7942158293636548E-005  -1.3694578869838590E-007  -8.5930057551055110E-006   1.1624649436500451E-007
          71   4.8556041780311752E-004   0.0000000000000000        1.5473317514758629E-004   1.0934952600295671E-006  -2.7273041776644679E-005  -1.2419937109204250E-007  -8.6613802860975668E-006   1.0819986886064920E-007
          72   4.6748477116229461E-004   0.0000000000000000        1.5129729661706665E-004   1.0550213565478897E-006  -2.6601309299974249E-005  -1.1165008134243762E-007  -8.7260571547002375E-006   1.0055125409986293E-007
          73   4.5010170442418771E-004   0.0000000000000000        1.4790170591853237E-004   1.0171205676608696E-006  -2.5928303506302230E-005  -9.9163351427971353E-008  -8.7869696717983265E-006   9.3166022596854278E-008
          74   4.3338841590285842E-004   0.0000000000000000        1.4454914048508095E-004   9.7970007761268104E-007  -2.5255365331982468E-005  -8.6806975423999567E-008  -8.8438981491302213E-006   8.6166245897879059E-008
          75   4.1732210162477747E-004   0.0000000000000000        1.4124216112179887E-004   9.4303175574445981E-007  -2.4583760737640133E-005  -7.4685644633272738E-008  -8.8967650006592425E-006   7.9549427217679216E-008
          76   4.0188089123530926E-004   0.0000000000000000        1.3798299748697053E-004   9.0689444888500981E-007  -2.3914689178754252E-005  -6.2653408504825386E-008  -8.9454428761759923E-006   7.3215222843937421E-008
          77   3.8704298259691701E-004   0.0000000000000000        1.3477375475387645E-004   8.7143495273063969E-007  -2.3249146167904729E-005  -5.0876051641006680E-008  -8.9899741396130755E-006   6.7316115228583526E-008
          78   3.7278734241844627E-004   0.0000000000000000        1.3161621333712982E-004   8.3664602900466002E-007  -2.2588164912078972E-005  -3.9276879554735939E-008  -9.0302493308391729E-006   6.1734845824572211E-008
          79   3.5909334234699916E-004   0.0000000000000000        1.2851197592892623E-004   8.0236612491446595E-007  -2.1932717613648795E-005  -2.7864197764321881E-008  -9.0662444644281312E-006   5.6560562937308864E-008
          80   3.4594072166673883E-004   0.0000000000000000        1.2546246039066029E-004   7.6886878477556074E-007  -2.1283606393132315E-005  -1.6739557900952256E-008  -9.0979304265038065E-006   5.1790421165471547E-008
          81   3.3331019086494897E-004   0.0000000000000000        1.2246893275885755E-004   7.3599701197118700E-007  -2.0641680565800016E-005  -5.8164020158435028E-009  -9.1253441587502975E-006   4.7356338299245000E-008
          82   3.2118249842699910E-004   0.0000000000000000        1.1953235369463945E-004   7.0369981361025165E-007  -2.0007529638349112E-005   4.9288288621569426E-009  -9.1485317023960512E-006   4.3288712261393314E-008
          83   3.0953909938342072E-004   0.0000000000000000        1.1665368028380551E-004   6.7210673394266928E-007  -1.9381881620505200E-005   1.5372783387871780E-008  -9.1675102995913782E-006   3.9613406702576741E-008
          84   2.9836206586104203E-004   0.0000000000000000        1.1383358983868247E-004   6.4113114834453828E-007  -1.8765320771274056E-005   2.5611407790074419E-008  -9.1822835323231551E-006   3.6301696267173255E-008
          85   2.8763395637536695E-004   0.0000000000000000        1.1107263298347917E-004   6.1081449838959070E-007  -1.8158285301302573E-005   3.5594955180077277E-008  -9.1930157738485291E-006   3.3350581993807022E-008
          86   2.7733792310359964E-004   0.0000000000000000        1.0837134309692974E-004   5.8108923548071740E-007  -1.7561299385778362E-005   4.5355815200799090E-008  -9.1997178494125517E-006   3.0772266916049038E-008
          87   2.6745743777352590E-004   0.0000000000000000        1.0572991475206791E-004   5.5193066120764855E-007  -1.6974701639691999E-005   5.4890264443777749E-008  -9.2025052335013717E-006   2.8564903125850253E-008
          88   2.5797653479857900E-004   0.0000000000000000        1.0314855876559869E-004   5.2340132820092224E-007  -1.6398807596199182E-005   6.4182888316454358E-008  -9.2015143589589087E-006   2.6704609226700432E-008
          89   2.4887998725088123E-004   0.0000000000000000        1.0062732827206967E-004   4.9547490591912157E-007  -1.5833934809568030E-005   7.3248058884911249E-008  -9.1968067912231249E-006   2.5186161716046836E-008
          90   2.4015296258770251E-004   0.0000000000000000        9.8166257500381933E-005   4.6806617466009074E-007  -1.5280308434925488E-005   8.2102941683843277E-008  -9.1885296842297195E-006   2.4033118950599625E-008
          91   2.3178112236473293E-004   0.0000000000000000        9.5765175879068839E-005   4.4123716849894703E-007  -1.4738090571763155E-005   9.0725953467514094E-008  -9.1768351885278372E-006   2.3229608706146339E-008
          92   2.2375031634592051E-004   0.0000000000000000        9.3423784307557868E-005   4.1491095505387492E-007  -1.4207418809348690E-005   9.9154412498483708E-008  -9.1618108070738918E-006   2.2763745346857119E-008
          93   2.1604730822218473E-004   0.0000000000000000        9.1141843783892827E-005   3.8908248702034389E-007  -1.3688332620049701E-005   1.0738860962305624E-007  -9.1436709457800565E-006   2.2641712984909757E-008
          94   2.0865928477669670E-004   0.0000000000000000        8.8919005087736459E-005   3.6374053022036480E-007  -1.3180937999693647E-005   1.1542889383835663E-007  -9.1225227149890621E-006   2.2864469718671486E-008
          95   2.0157373091763260E-004   0.0000000000000000        8.6754795440269225E-005   3.3886065546547944E-007  -1.2685215628098403E-005   1.2329991148736240E-007  -9.0985287138912376E-006   2.3418216153446031E-008
          96   1.9477846143345462E-004   0.0000000000000000        8.4648601274885790E-005   3.1440547145581893E-007  -1.2201095865964249E-005   1.3099840645754148E-007  -9.0718448204759593E-006   2.4299376931737012E-008
          97   1.8826187568039032E-004   0.0000000000000000        8.2599894319903926E-005   2.9035811182942524E-007  -1.1728522108605319E-005   1.3856234934051457E-007  -9.0426433605306494E-006   2.5510232019370200E-008
          98   1.8201305399165760E-004   0.0000000000000000        8.0608115824414524E-005   2.6663734275864596E-007  -1.1267389187395736E-005   1.4600305832865316E-007  -9.0110883509275607E-006   2.7056433842715193E-008
          99   1.7602105062591950E-004   0.0000000000000000        7.8672565722599512E-005   2.4327052653349225E-007  -1.0817524293626370E-005   1.5330998881988742E-007  -8.9773685845556165E-006   2.8942790558601803E-008
         100   1.7027537899647790E-004   0.0000000000000000        7.6792454372633180E-005   2.2018831626754157E-007  -1.0378746222391116E-005   1.6054272662729129E-007  -8.9416470590946472E-006   3.1142771967138334E-008
         101   1.6476612417354978E-004   0.0000000000000000        7.4967021260266851E-005   1.9733793377658425E-007  -9.9508622350210049E-006   1.6769588782931954E-007  -8.9040423207128282E-006   3.3692301843745852E-008
         102   1.5948387958061223E-004   0.0000000000000000        7.3195556944967988E-005   1.7471653646526884E-007  -9.5336459163006872E-006   1.7479995111840926E-007  -8.8647689292649990E-006   3.6574655634987719E-008
         103   1.5441920889918505E-004   0.0000000000000000        7.1477196159060370E-005   1.5225032879583748E-007  -9.1267945813533052E-006   1.8187733641644127E-007  -8.8239724356866674E-006   3.9806242675219795E-008
         104   1.4956295211533997E-004   0.0000000000000000        6.9810987233433062E-005   1.2990801190283780E-007  -8.7300136804491730E-006   1.8894184545684605E-007  -8.7818209792728517E-006   4.3388289043659480E-008
         105   1.4490658060686978E-004   0.0000000000000000        6.8196038887540332E-005   1.0759954845928789E-007  -8.3429550449723485E-006   1.9604616852826958E-007  -8.7384636132593720E-006   4.7328460898873746E-008
         106   1.4044183771003312E-004   0.0000000000000000        6.6631498323144244E-005   8.5319687583372980E-008  -7.9652812887765688E-006   2.0319232980459846E-007  -8.6940389509333110E-006   5.1630056406257586E-008
         107   1.3616049159900719E-004   0.0000000000000000        6.5116322038813806E-005   6.2976516563396633E-008  -7.5965846218742721E-006   2.1043079667663616E-007  -8.6487089430966234E-006   5.6305278538592818E-008
         108   1.3205452823699285E-004   0.0000000000000000        6.3649461299909187E-005   4.0520678873685745E-008  -7.2364112899689587E-006   2.1779442953339101E-007  -8.6026230360449645E-006   6.1373365629133474E-008
         109   1.2811665530023967E-004   0.0000000000000000        6.2229942683466216E-005   1.7864385390671753E-008  -6.8843850019931214E-006   2.2531101360795074E-007  -8.5558530723657502E-006   6.6858392106718774E-008
         110   1.2433950913384067E-004   0.0000000000000000        6.0856711802437218E-005  -5.0658486053195193E-009  -6.5400350858700589E-006   2.3302933734821651E-007  -8.5085480697087291E-006   7.2774809744010391E-008
         111   1.2071582156135489E-004   0.0000000000000000        5.9528578396761547E-005  -2.8294774149102634E-008  -6.2028967765988054E-006   2.4097799151688311E-007  -8.4607707276991424E-006   7.9116781862072089E-008
         112   1.1723863413982018E-004   0.0000000000000000        5.8244367649788095E-005  -5.1978459042050780E-008  -5.8724888664055849E-006   2.4921368949802513E-007  -8.4125803850087753E-006   8.5945265070013945E-008
         113   1.1390113441978733E-004   0.0000000000000000        5.7002838918408754E-005  -7.6090306970396559E-008  -5.5483127681739700E-006   2.5774521651826807E-007  -8.3640122635624324E-006   9.3235287123975960E-008
         114   1.1069643644873906E-004   0.0000000000000000        5.5802622806147318E-005  -1.0077163365619390E-007  -5.2298244489658048E-006   2.6660538274586832E-007  -8.3150678309233470E-006   1.0104977054043518E-007
         115   1.0761769669038230E-004   0.0000000000000000        5.4642318031132716E-005  -1.2608875260934606E-007  -4.9164416694750579E-006   2.7584858270394708E-007  -8.2657487131889183E-006   1.0939958803304591E-007
         116   1.0465804432866914E-004   0.0000000000000000        5.3520335196892157E-005  -1.5210051946090967E-007  -4.6075788364603468E-006   2.8546839241068474E-007  -8.2160201479793430E-006   1.1831598096813689E-007
         117   1.0181038889126735E-004   0.0000000000000000        5.2434949473116293E-005  -1.7883212739695864E-007  -4.3026199641014670E-006   2.9545743901408595E-007  -8.1658413782222926E-006   1.2782090959602278E-007
         118   9.9067916738764455E-005   0.0000000000000000        5.1384325231500464E-005  -2.0630941412356780E-007  -4.0011078753165434E-006   3.0580867948993522E-007  -8.1151486967005649E-006   1.3791797436695232E-007
         119   9.6424075416145426E-005   0.0000000000000000        5.0366465216619830E-005  -2.3451222019227696E-007  -3.7028362338840275E-006   3.1646114197480578E-007  -8.0638407683008571E-006   1.4862751456944430E-007
         120   9.3873183525595045E-005   0.0000000000000000        4.9379430526988100E-005  -2.6333666686559499E-007  -3.4078754290320574E-006   3.2732000402298287E-007  -8.0117636641386902E-006   1.5993021100946800E-007
         121   9.1411314138831345E-005   0.0000000000000000        4.8421742317623300E-005  -2.9279731374371189E-007  -3.1165147604718294E-006   3.3836163600297009E-007  -7.9587031416485850E-006   1.7185534327815585E-007
         122   8.9036247393567308E-005   0.0000000000000000        4.7492589097649546E-005  -3.2305579870682897E-007  -2.8290324328018855E-006   3.4966389157304770E-007  -7.9044159127841689E-006   1.8441648115703324E-007
         123   8.6747188833731598E-005   0.0000000000000000        4.6591999709759062E-005  -3.5437460452953317E-007  -2.5453354206488710E-006   3.6139748442372683E-007  -7.8488201644018020E-006   1.9763216179340235E-007
         124   8.4545009870344475E-005   0.0000000000000000        4.5721147886250519E-005  -3.8752739198626482E-007  -2.2646653154053681E-006   3.7415263305384871E-007  -7.7919096158151588E-006   2.1155997035162587E-007
         125   8.2427998333994997E-005   0.0000000000000000        4.4880778770532041E-005  -4.2368697695334188E-007  -1.9848290933397475E-006   3.8884709595814100E-007  -7.7337026039694982E-006   2.2633073762290370E-007
         126   8.0401867414461485E-005   0.0000000000000000        4.4075173666759583E-005  -4.6436915895251045E-007  -1.7033410183465923E-006   4.0674686524796463E-007  -7.6743768510806889E-006   2.4201392966827437E-007
         127   7.8460874480654113E-005   0.0000000000000000        4.3304847953063828E-005  -5.1231218411169728E-007  -1.4139829069343116E-006   4.3009301219750577E-007  -7.6135699707154247E-006   2.5874574654749455E-007
         128   7.6578701656331125E-005   0.0000000000000000        4.2563625704962762E-005  -5.7326070967544458E-007  -1.1023094741059419E-006   4.6355915522396950E-007  -7.5495062340476344E-006   2.7675880583360864E-007
         129   7.4881157775915017E-005   0.0000000000000000        4.1907646266514774E-005  -6.5235784624482627E-007  -7.7086512458330089E-007   5.1334257024559707E-007  -7.4843437527332679E-006   2.9418194241786000E-007
