   0.0000000000000000        1.4592044706121187E-003
   1.0000000000000000E-002   1.4555839113528557E-003
   2.0000000000000000E-002   1.4512904677726278E-003
   2.9999999999999999E-002   1.4461261421490255E-003
   4.0000000000000001E-002   1.4398974560116738E-003
   5.0000000000000003E-002   1.4324140144375056E-003
   5.9999999999999998E-002   1.4234895729311704E-003
   7.0000000000000007E-002   1.4130276215616943E-003
   8.0000000000000002E-002   1.4011901457516686E-003
   8.9999999999999997E-002   1.3881867435525386E-003
  0.10000000000000001        1.3742132893148592E-003
  0.11000000000000000        1.3593286211303827E-003
  0.12000000000000000        1.3435113186330803E-003
  0.13000000000000000        1.3267594384772437E-003
  0.14000000000000001        1.3091351304983468E-003
  0.14999999999999999        1.2907089526691205E-003
  0.16000000000000000        1.2715347171325772E-003
  0.17000000000000001        1.2516586766080457E-003
  0.17999999999999999        1.2311250447852337E-003
  0.19000000000000000        1.2099818069509951E-003
  0.20000000000000001        1.1882847621199745E-003
  0.20999999999999999        1.1660907996210044E-003
  0.22000000000000000        1.1434554863708100E-003
  0.23000000000000001        1.1204293002439747E-003
  0.23999999999999999        1.0970651140038406E-003
  0.25000000000000000        1.0734165441949751E-003
  0.26000000000000001        1.0495364336968261E-003
  0.27000000000000002        1.0254753880578086E-003
  0.28000000000000003        1.0012820377755139E-003
  0.28999999999999998        9.7700406122384355E-004
  0.29999999999999999        9.5268842000033175E-004
  0.31000000000000000        9.2838043604767401E-004
  0.32000000000000001        9.0412317581629040E-004
  0.33000000000000002        8.7995563367399324E-004
  0.34000000000000002        8.5591721767423767E-004
  0.35000000000000003        8.3204631204431554E-004
  0.35999999999999999        8.0837720817274205E-004
  0.37000000000000000        7.8494189547477077E-004
  0.38000000000000000        7.6177067191837331E-004
  0.39000000000000001        7.3889232788697647E-004
  0.40000000000000002        7.1633254150419248E-004
  0.41000000000000003        6.9411610785918561E-004
  0.41999999999999998        6.7226375551011105E-004
  0.42999999999999999        6.5079535725486265E-004
  0.44000000000000000        6.2972870599887880E-004
  0.45000000000000001        6.0907957280625165E-004
  0.46000000000000002        5.8886101489419806E-004
  0.47000000000000003        5.6908487282362325E-004
  0.47999999999999998        5.4976082317242101E-004
  0.48999999999999999        5.3089729678000802E-004
  0.50000000000000000        5.1250078628133923E-004
  0.51000000000000001        4.9457564653632993E-004
  0.52000000000000002        4.7712523615349607E-004
  0.53000000000000003        4.6015192161555845E-004
  0.54000000000000004        4.4365575014375646E-004
  0.55000000000000004        4.2763617906375716E-004
  0.56000000000000005        4.1209124909574198E-004
  0.57000000000000006        3.9701822606230122E-004
  0.57999999999999996        3.8241285616225968E-004
  0.58999999999999997        3.6827071208842850E-004
  0.59999999999999998        3.5458574481555481E-004
  0.60999999999999999        3.4135161456689059E-004
  0.62000000000000000        3.2856132021579854E-004
  0.63000000000000000        3.1620717471121749E-004
  0.64000000000000001        3.0428084325246588E-004
  0.65000000000000002        2.9277379186116054E-004
  0.66000000000000003        2.8167683316322550E-004
  0.67000000000000004        2.7098063851366239E-004
  0.68000000000000005        2.6067552499726407E-004
  0.69000000000000006        2.5075166512109753E-004
  0.70000000000000007        2.4119887938591010E-004
  0.70999999999999996        2.3200701246585631E-004
  0.71999999999999997        2.2316584419265989E-004
  0.72999999999999998        2.1466500114383910E-004
  0.73999999999999999        2.0649417431876956E-004
  0.75000000000000000        1.9864310093535150E-004
  0.76000000000000001        1.9110146084137659E-004
  0.77000000000000002        1.8385919186797745E-004
  0.78000000000000003        1.7690624937692927E-004
  0.79000000000000004        1.7023272650685671E-004
  0.80000000000000004        1.6382882122473554E-004
  0.81000000000000005        1.5768496834645205E-004
  0.82000000000000006        1.5179179297008025E-004
  0.83000000000000007        1.4614014525542214E-004
  0.83999999999999997        1.4072091390675073E-004
  0.84999999999999998        1.3552537705469801E-004
  0.85999999999999999        1.3054497904646121E-004
  0.87000000000000000        1.2577143183208913E-004
  0.88000000000000000        1.2119660300645474E-004
  0.89000000000000001        1.1681264482748998E-004
  0.90000000000000002        1.1261191524736392E-004
  0.91000000000000003        1.0858716038393871E-004
  0.92000000000000004        1.0473112501094989E-004
  0.93000000000000005        1.0103697656019981E-004
  0.94000000000000006        9.7498010113499699E-005
  0.95000000000000007        9.4107860282604755E-005
  0.95999999999999996        9.0860337652180556E-005
  0.96999999999999997        8.7749398169850528E-005
  0.97999999999999998        8.4769378909460314E-005
  0.98999999999999999        8.1914740822975368E-005
   1.0000000000000000        7.9180209228813282E-005
