   0.0000000000000000        6.5668001153020789E-003
   1.0000000000000000E-002   6.5526999549230976E-003
   2.0000000000000000E-002   6.5360159629542849E-003
   2.9999999999999999E-002   6.5159319517928043E-003
   4.0000000000000001E-002   6.4916428820375460E-003
   5.0000000000000003E-002   6.4623770881079030E-003
   5.9999999999999998E-002   6.4274037675651373E-003
   7.0000000000000007E-002   6.3863344374375658E-003
   8.0000000000000002E-002   6.3397726833506448E-003
   8.9999999999999997E-002   6.2885111879144879E-003
  0.10000000000000001        6.2332768307781557E-003
  0.11000000000000000        6.1742695694712770E-003
  0.12000000000000000        6.1113670265674517E-003
  0.13000000000000000        6.0445340109679850E-003
  0.14000000000000001        5.9739733989544854E-003
  0.14999999999999999        5.8999371366523093E-003
  0.16000000000000000        5.8225983711630161E-003
  0.17000000000000001        5.7421059470001892E-003
  0.17999999999999999        5.6586072719168323E-003
  0.19000000000000000        5.5722567709526284E-003
  0.20000000000000001        5.4832512924985616E-003
  0.20999999999999999        5.3917909738388937E-003
  0.22000000000000000        5.2980693567707586E-003
  0.23000000000000001        5.2022725076151478E-003
  0.23999999999999999        5.1045865536540639E-003
  0.25000000000000000        5.0052157181186560E-003
  0.26000000000000001        4.9043556704269587E-003
  0.27000000000000002        4.8022039953656091E-003
  0.28000000000000003        4.6989513694960586E-003
  0.28999999999999998        4.5947834005449469E-003
  0.29999999999999999        4.4898935842357362E-003
  0.31000000000000000        4.3844715510085530E-003
  0.32000000000000001        4.2786947081903323E-003
  0.33000000000000002        4.1727350051941363E-003
  0.34000000000000002        4.0667647126938992E-003
  0.35000000000000003        3.9609568673283245E-003
  0.35999999999999999        3.8554730237207249E-003
  0.37000000000000000        3.7504604386805760E-003
  0.38000000000000000        3.6460700427332045E-003
  0.39000000000000001        3.5424439373370454E-003
  0.40000000000000002        3.4397184660649401E-003
  0.41000000000000003        3.3380203493756865E-003
  0.41999999999999998        3.2374680711644383E-003
  0.42999999999999999        3.1381724893489141E-003
  0.44000000000000000        3.0402439662921650E-003
  0.45000000000000001        2.9437755045297180E-003
  0.46000000000000002        2.8488581177902122E-003
  0.47000000000000003        2.7555728781643580E-003
  0.47999999999999998        2.6639934847065652E-003
  0.48999999999999999        2.5741872927338436E-003
  0.50000000000000000        2.4862153500508307E-003
  0.51000000000000001        2.4001265416699284E-003
  0.52000000000000002        2.3159659522962858E-003
  0.53000000000000003        2.2337739735473617E-003
  0.54000000000000004        2.1535805441861258E-003
  0.55000000000000004        2.0754103842542050E-003
  0.56000000000000005        1.9992824643341742E-003
  0.57000000000000006        1.9252093709667009E-003
  0.57999999999999996        1.8531986928474419E-003
  0.58999999999999997        1.7832528296979362E-003
  0.59999999999999998        1.7153670555133688E-003
  0.60999999999999999        1.6495343218029133E-003
  0.62000000000000000        1.5857422914040398E-003
  0.63000000000000000        1.5239751239509726E-003
  0.64000000000000001        1.4642114924169709E-003
  0.65000000000000002        1.4064282614299152E-003
  0.66000000000000003        1.3505984588946308E-003
  0.67000000000000004        1.2966920036381606E-003
  0.68000000000000005        1.2446769842769003E-003
  0.69000000000000006        1.1945185216011174E-003
  0.70000000000000007        1.1461795395037342E-003
  0.70999999999999996        1.0996211237967841E-003
  0.71999999999999997        1.0548039598550197E-003
  0.72999999999999998        1.0116856518476013E-003
  0.73999999999999999        9.7022441133743124E-004
  0.75000000000000000        9.3037621596370591E-004
  0.76000000000000001        8.9209702520626406E-004
  0.77000000000000002        8.5534235321622898E-004
  0.78000000000000003        8.2006755934089734E-004
  0.79000000000000004        7.8622734482388160E-004
  0.80000000000000004        7.5377654678163218E-004
  0.81000000000000005        7.2267045080813249E-004
  0.82000000000000006        6.9286421455623493E-004
  0.83000000000000007        6.6431421263219760E-004
  0.83999999999999997        6.3697630597083215E-004
  0.84999999999999998        6.1080724862416389E-004
  0.85999999999999999        5.8576490076818000E-004
  0.87000000000000000        5.6180754053857071E-004
  0.88000000000000000        5.3889454665928787E-004
  0.89000000000000001        5.1698547970630948E-004
  0.90000000000000002        4.9604138931252462E-004
  0.91000000000000003        4.7602470305137777E-004
  0.92000000000000004        4.5689792359752046E-004
  0.93000000000000005        4.3862514224766639E-004
  0.94000000000000006        4.2117118701951399E-004
  0.95000000000000007        4.0450234648605735E-004
  0.95999999999999996        3.8858591445419460E-004
  0.96999999999999997        3.7338957315095385E-004
  0.97999999999999998        3.5888306764515076E-004
  0.98999999999999999        3.4503672871957476E-004
   1.0000000000000000        3.3182204567600509E-004
