   1.4601837800000000E-003  0.10000000000000001        4.8424989718796892E-002  0.42037380455385126       0.42741544438650797        0.0000000000000000        1.0000000000000000        2.5211999999999999        0.0000000000000000        53.288698338480884        53.288698338480884        0.0000000000000000     
   2.5781369865624996E-003  0.13287682265918310        6.7140719276427702E-002  0.45770189787780130       0.46119709463357705        0.0000000000000000        1.0000000000000000        2.5211999999999999        0.0000000000000000        32.433216896568872        32.433216896568872        0.0000000000000000     
   3.6960901931250003E-003  0.15909902576697318        8.2694368742742205E-002  0.49302623064291495       0.49497874488064614        0.0000000000000000        1.0000000000000000        2.5211999999999999        0.0000000000000000        29.478611366664705        29.478611366664705        0.0000000000000000     
   4.8140433996874997E-003  0.18157298807917438        9.6608501733897803E-002  0.52354155400605129       0.52536329453104513        0.0000000000000000        1.0000000000000000        2.5211999999999999        0.0000000000000000        26.356264041545103        26.356264041545103        0.0000000000000000     
   5.9319966062500000E-003  0.20155644370746376       0.10941633984228059       0.55195462397156281       0.55346252390132933        0.0000000000000000        1.0000000000000000        2.5212000000000003        0.0000000000000000        24.604253284063816        24.604253284063816        0.0000000000000000     
   7.0499498128125011E-003  0.21972994789058684       0.12143236593954707       0.57854513662961760       0.57988260401721337        0.0000000000000000        1.0000000000000000        2.5211999999999999        0.0000000000000000        23.198935523312116        23.198935523312116        0.0000000000000000     
   8.1679030193750005E-003  0.23651109910530627       0.13284173327453705       0.60382103803820408       0.60501301214016545        0.0000000000000000        1.0000000000000000        2.5211999999999999        0.0000000000000000        22.133277689821604        22.133277689821604        0.0000000000000000     
   9.2858562259374982E-003  0.25217801252290017       0.14376879761353165       0.62803000358560479       0.62911005122061392        0.0000000000000000        1.0000000000000000        2.5211999999999999        0.0000000000000000        21.264190177724185        21.264190177724185        0.0000000000000000     
   1.0403809432499999E-002  0.26692695630078278       0.15430055615076807       0.65136345458777523       0.65235297061470721        0.0000000000000000        1.0000000000000000        2.5211999999999999        0.0000000000000000        20.546522012086548        20.546522012086548        0.0000000000000000     
   1.1521762639062500E-002  0.28090256317805290       0.16450099223103468       0.67396844930165933       0.67487791830620136        0.0000000000000000        1.0000000000000000        2.5211999999999999        0.0000000000000000        19.939202825979109        19.939202825979109        0.0000000000000000     
   1.2639715845625000E-002  0.29421505739849552       0.17441869024206941       0.69594439025694066       0.69678562445947057        0.0000000000000000        1.0000000000000000        2.5211999999999999        0.0000000000000000        19.414830254437938        19.414830254437938        0.0000000000000000     
   1.3757669052187499E-002  0.30695072894521686       0.18409153819537424       0.71737714668974906       0.71816088762718555        0.0000000000000000        1.0000000000000000        2.5211999999999999        0.0000000000000000        18.958398478404284        18.958398478404284        0.0000000000000000     
   1.4875622258749999E-002  0.31917863337009261       0.19354978020291147       0.73833276959799954       0.73906854424227186        0.0000000000000000        1.0000000000000000        2.5211999999999999        0.0000000000000000        18.556087669671882        18.556087669671882        0.0000000000000000     
   1.5993575465312500E-002  0.33095505737184316       0.20281800094038041       0.75886615688507886       0.75955726422872538        0.0000000000000000        1.0000000000000000        2.5211999999999999        0.0000000000000000        18.197697401128057        18.197697401128057        0.0000000000000000     
   1.7111528671874997E-002  0.34232659844072882       0.21191649449935759       0.77902055400000003       0.77967589281626326        0.0000000000000000        1.0000000000000000        2.5211999999999999        0.0000000000000000        17.876379040452015        17.876379040452015        0.0000000000000000     
   1.8229481878437499E-002  0.35333235062756424       0.22086224686703901       0.79883556585766347       0.79945457465298220        0.0000000000000000        1.0000000000000000        2.5211999999999999        0.0000000000000000        17.586954488271743        17.586954488271743        0.0000000000000000     
   1.9347435085000003E-002  0.36400549446402591       0.22966965012238469       0.81834296742117896       0.81892920896379573        0.0000000000000000        1.0000000000000000        2.5211999999999999        0.0000000000000000        17.322435022854759        17.322435022854759        0.0000000000000000     
   2.0465388291562501E-002  0.37437447829679843       0.23835099706967222       0.83756660090213142       0.83812521944914298        0.0000000000000000        1.0000000000000000        2.5211999999999999        0.0000000000000000        17.079168573928705        17.079168573928705        0.0000000000000000     
   2.1583341498125002E-002  0.38446391248074246       0.24691688132471420       0.85653003843957998       0.85706126889468071        0.0000000000000000        1.0000000000000000        2.5211999999999999        0.0000000000000000        16.857325619237766        16.857325619237766        0.0000000000000000     
   2.2701294704687503E-002  0.39429525738968763       0.25537653907034696       0.87525775381614035       0.87576624689952220        0.0000000000000000        1.0000000000000000        2.5211999999999999        0.0000000000000000        16.651838783433195        16.651838783433195        0.0000000000000000     
   2.3819247911250004E-002  0.40388736053508784       0.26373805524724475       0.89376181439948943       0.89424815017396253        0.0000000000000000        1.0000000000000000        2.5211999999999999        0.0000000000000000        16.460315836514848        16.460315836514848        0.0000000000000000     
   2.4937201117812498E-002  0.41325688137041350       0.27200854888802417       0.91206117963534550       0.91252762716458069        0.0000000000000000        1.0000000000000000        2.5211999999999999        0.0000000000000000        16.285084719362526        16.285084719362526        0.0000000000000000     
   2.6055154324375000E-002  0.42241863121789502       0.28019436513136836       0.93017361485390704       0.93062108145494093        0.0000000000000000        1.0000000000000000        2.5211999999999999        0.0000000000000000        16.119368338773747        16.119368338773747        0.0000000000000000     
   2.7173107530937501E-002  0.43138584816843495       0.28830113994145734       0.94810246129893228       0.94853257061072860        0.0000000000000000        1.0000000000000000        2.5211999999999999        0.0000000000000000        15.963733251633309        15.963733251633309        0.0000000000000000     
   2.8291060737500002E-002  0.44017042154147523       0.29633391965215067       0.96586678414796168       0.96628273614493532        0.0000000000000000        1.0000000000000000        2.5211999999999999        0.0000000000000000        15.819240342686147        15.819240342686147        0.0000000000000000     
   2.9409013944062503E-002  0.44878307677540608       0.30429726188637335       0.98347276369471814       0.98387149687596842        0.0000000000000000        1.0000000000000000        2.5211999999999999        0.0000000000000000        15.682085983608674        15.682085983608674        0.0000000000000000     
   3.0526967150625004E-002  0.45723352895429709       0.31219527496262112        1.0009302750327196        1.0013153703791895        0.0000000000000000        1.0000000000000000        2.5211999999999999        0.0000000000000000        15.553720326305772        15.553720326305772        0.0000000000000000     
   3.1644920357187502E-002  0.46553061123840184       0.32003169557756600        1.0182493544995161        1.0186184599813370        0.0000000000000000        1.0000000000000000        2.5211999999999999        0.0000000000000000        15.431286169361364        15.431286169361364        0.0000000000000000     
   3.2762873563750003E-002  0.47368238303741045       0.32780991629570166        1.0354331045517606        1.0357931766821844        0.0000000000000000        1.0000000000000000        2.5211999999999999        0.0000000000000000        15.315494111550130        15.315494111550130        0.0000000000000000     
   3.3880826770312497E-002  0.48169622169994231       0.33553303808345042        1.0524932232101372        1.0528394427941550        0.0000000000000000        1.0000000000000000        2.5211999999999999        0.0000000000000000        15.205630741340437        15.205630741340437        0.0000000000000000     
   3.4998779976874998E-002  0.48957890068915344       0.34320390253797212        1.0694314668329501        1.0697696847002152        0.0000000000000000        1.0000000000000000        2.5211999999999999        0.0000000000000000        15.100846287277344        15.100846287277344        0.0000000000000000     
   3.6116733183437499E-002  0.49733665660194404       0.35082511819555351        1.0862571357834234        1.0865838591850776        0.0000000000000000        1.0000000000000000        2.5211999999999999        0.0000000000000000        15.001684170687662        15.001684170687662        0.0000000000000000     
   3.7234686390000001E-002  0.50497524691810391       0.35839909346278304        1.1029738421610233        1.1032902638556648        0.0000000000000000        1.0000000000000000        2.5211999999999999        0.0000000000000000        14.906371496699757        14.906371496699757        0.0000000000000000     
   3.8352639596562502E-002  0.51249999999999996       0.36592804715006816        1.1195862651665709        1.1198929840771328        0.0000000000000000        1.0000000000000000        2.5211999999999999        0.0000000000000000        14.815759070572312        14.815759070572312        0.0000000000000000     
   3.9470592803125003E-002  0.51991585857713551       0.37341403688302599        1.1361004463518161        1.1363961700396843        0.0000000000000000        1.0000000000000000        2.5211999999999999        0.0000000000000000        14.729832742896003        14.729832742896003        0.0000000000000000     
   4.0588546009687497E-002  0.52722741772407855       0.38085897731858021        1.1525207422742090        1.1528039540956312        0.0000000000000000        1.0000000000000000        2.5211999999999999        0.0000000000000000        14.645650919912786        14.645650919912786        0.0000000000000000     
   4.1706499216250005E-002  0.53443895816079878       0.38826463497778196        1.1688467471866606        1.1691246293573190        0.0000000000000000        1.0000000000000000        2.5211999999999999        0.0000000000000000        14.565609506941229        14.565609506941229        0.0000000000000000     
   4.2824452422812499E-002  0.54155447556086178       0.39563266088000115        1.1850879125377431        1.1853539933470951        0.0000000000000000        1.0000000000000000        2.5211999999999999        0.0000000000000000        14.489346167707758        14.489346167707758        0.0000000000000000     
   4.3942405629375007E-002  0.54857770643729231       0.40296460019174751        1.2012436957386248        1.2015045319490663        0.0000000000000000        1.0000000000000000        2.5211999999999999        0.0000000000000000        14.413927387234027        14.413927387234027        0.0000000000000000     
   4.5060358835937502E-002  0.55551215108222429       0.41026188331345709        1.2173159237778801        1.2175720562849037        0.0000000000000000        1.0000000000000000        2.5211999999999999        0.0000000000000000        14.342634192852666        14.342634192852666        0.0000000000000000     
   4.6178312042500003E-002  0.56236109396009970       0.41752585897517103        1.2333124934924204        1.2335606926328841        0.0000000000000000        1.0000000000000000        2.5211999999999999        0.0000000000000000        14.275207040131720        14.275207040131720        0.0000000000000000     
   4.7296265249062504E-002  0.56912762189161048       0.42475780061460189        1.2492338911714704        1.2494704425122525        0.0000000000000000        1.0000000000000000        2.5211999999999999        0.0000000000000000        14.209091939476052        14.209091939476052        0.0000000000000000     
   4.8414218455624998E-002  0.57581464031405105       0.43195889732172282        1.2650826973073750        1.2653137686039040        0.0000000000000000        1.0000000000000000        2.5211999999999999        0.0000000000000000        14.144865070535301        14.144865070535301        0.0000000000000000     
   4.9532171662187506E-002  0.58242488786108726       0.43913026533591865        1.2808604278390801        1.2810823312496031        0.0000000000000000        1.0000000000000000        2.5211999999999999        0.0000000000000000        14.082425303458018        14.082425303458018        0.0000000000000000     
   5.0650124868750000E-002  0.58896094946948729       0.44627295403811590        1.2965696841079635        1.2967844499254477        0.0000000000000000        1.0000000000000000        2.5211999999999999        0.0000000000000000        14.021576320073768        14.021576320073768        0.0000000000000000     
   5.1768078075312501E-002  0.59542526819072772       0.45338795071219840        1.3122113106124027        1.3124242722884520        0.0000000000000000        1.0000000000000000        2.5211999999999999        0.0000000000000000        13.963270481180357        13.963270481180357        0.0000000000000000     
   5.2886031281875003E-002  0.60182015586053617       0.46047619163873549        1.3277901895881992        1.3279976188217848        0.0000000000000000        1.0000000000000000        2.5211999999999999        0.0000000000000000        13.908259262771203        13.908259262771203        0.0000000000000000     
   5.4003984488437504E-002  0.60814780275850711       0.46753857103128627        1.3433088698729110        1.3435086426495346        0.0000000000000000        1.0000000000000000        2.5211999999999999        0.0000000000000000        13.854036060580043        13.854036060580043        0.0000000000000000     
   5.5121937695000005E-002  0.61441028637222539       0.47457593006883192        1.3587665284852086        1.3589573396689423        0.0000000000000000        1.0000000000000000        2.5211999999999999        0.0000000000000000        13.800242556865555        13.800242556865555        0.0000000000000000     
   5.6239890901562499E-002  0.62060957936532046       0.48158905915328076        1.3741648620390898        1.3743520201902697        0.0000000000000000        1.0000000000000000        2.5211999999999999        0.0000000000000000        13.748415017834528        13.748415017834528        0.0000000000000000     
   5.7357844108125000E-002  0.62674755683608374       0.48857871071728182        1.3895067012769748        1.3896885178314040        0.0000000000000000        1.0000000000000000        2.5211999999999999        0.0000000000000000        13.698427908344325        13.698427908344325        0.0000000000000000     
   5.8475797314687501E-002  0.63282600294235691       0.49554560150147053        1.4047931998121423        1.4049709879096415        0.0000000000000000        1.0000000000000000        2.5211999999999999        0.0000000000000000        13.649740544813367        13.649740544813367        0.0000000000000000     
   5.9593750521250002E-002  0.63884661695903189       0.50249041248544035        1.4200263017575709        1.4201952522684891        0.0000000000000000        1.0000000000000000        2.5211999999999999        0.0000000000000000        13.601076261806563        13.601076261806563        0.0000000000000000     
   6.0711703727812504E-002  0.64481101882644654       0.50941378461184317        1.4352038525000925        1.4353696405669272        0.0000000000000000        1.0000000000000000        2.5211999999999999        0.0000000000000000        13.555046636442388        13.555046636442388        0.0000000000000000     
   6.1829656934375005E-002  0.65072075424101850       0.51631633571586122        1.4503340673144014        1.4504941419733999        0.0000000000000000        1.0000000000000000        2.5211999999999994        0.0000000000000000        13.511687404503235        13.511687404503235        0.0000000000000000     
   6.2947610140937499E-002  0.65657729933344477       0.52319866269698390        1.4654147894148630        1.4655687520976128        0.0000000000000000        1.0000000000000000        2.5211999999999999        0.0000000000000000        13.466151983002584        13.466151983002584        0.0000000000000000     
   6.4065563347499993E-002  0.66238206497458840       0.53006131760939545        1.4804431015053354        1.4805934668136291        0.0000000000000000        1.0000000000000000        2.5211999999999999        0.0000000000000000        13.421449823279621        13.421449823279621        0.0000000000000000     
   6.5183516554062501E-002  0.66813640074463843       0.53690482632436043        1.4954238229986501        1.4955724398733570        0.0000000000000000        1.0000000000000000        2.5211999999999999        0.0000000000000000        13.380352057977150        13.380352057977150        0.0000000000000000     
   6.6301469760624995E-002  0.67384159859717774       0.54372970449997016        1.5103603015036124        1.5105015042148304        0.0000000000000000        1.0000000000000000        2.5211999999999999        0.0000000000000000        13.340648229317841        13.340648229317841        0.0000000000000000     
   6.7419422967187503E-002  0.67949889624634419       0.55053644721664174        1.5252522688097994        1.5253889832756338        0.0000000000000000        1.0000000000000000        2.5211999999999999        0.0000000000000000        13.300883860797573        13.300883860797573        0.0000000000000000     
   6.8537376173749998E-002  0.68510948030223606       0.55732552322545204        1.5400998289731700        1.5402307104232238        0.0000000000000000        1.0000000000000000        2.5211999999999999        0.0000000000000000        13.261107383009639        13.261107383009639        0.0000000000000000     
   6.9655329380312506E-002  0.69067448917706520       0.56409737698791973        1.5549028749410334        1.5550266800002031        0.0000000000000000        1.0000000000000000        2.5211999999999999        0.0000000000000000        13.221410346537510        13.221410346537510        0.0000000000000000     
   7.0773282586875000E-002  0.69619501578221599       0.57085243060976243        1.5696616250973643        1.5697852140522406        0.0000000000000000        1.0000000000000000        2.5211999999999999        0.0000000000000000        13.183574523936626        13.183574523936626        0.0000000000000000     
   7.1891235793437508E-002  0.70167211003430940       0.57759109384725860        1.5843800839076885        1.5844979830715173        0.0000000000000000        1.0000000000000000        2.5211999999999999        0.0000000000000000        13.147459765152840        13.147459765152840        0.0000000000000000     
   7.3009189000000002E-002  0.70710678118654757       0.58431376427158610        1.5990581200000000        1.5991691466180198        0.0000000000000000        1.0000000000000000        2.5211999999999999        0.0000000000000000        13.111309591454363        13.111309591454363        0.0000000000000000     
   7.4127142206562496E-002  0.71249999999999991       0.59102081984336874        1.6136957548687603        1.6138028677726108        0.0000000000000000        1.0000000000000000        2.5211999999999999        0.0000000000000000        13.075150837792279        13.075150837792279        0.0000000000000000     
   7.5245095413124991E-002  0.71785270076806140       0.59771262021433302        1.6282928906672585        1.6283991422854724        0.0000000000000000        1.0000000000000000        2.5211999999999999        0.0000000000000000        13.040781624387561        13.040781624387561        0.0000000000000000     
   7.6363048619687499E-002  0.72316578320603642       0.60438951616812375        1.6428537228328548        1.6429538006257736        0.0000000000000000        1.0000000000000000        2.5211999999999999        0.0000000000000000        13.006476503051607        13.006476503051607        0.0000000000000000     
   7.7481001826250007E-002  0.72844011421667332       0.61105184228357989        1.6573741769057249        1.6574710070108489        0.0000000000000000        1.0000000000000000        2.5211999999999999        0.0000000000000000        12.972049146569239        12.972049146569239        0.0000000000000000     
   7.8598955032812515E-002  0.73367652954145945       0.61769991705296701        1.6718579523713146        1.6719507574258570        0.0000000000000000        1.0000000000000000        2.5211999999999999        0.0000000000000000        12.939443416570645        12.939443416570645        0.0000000000000000     
   7.9716908239374995E-002  0.73887583530658241       0.62433405255137830        1.6863055881971549        1.6863930491202128        0.0000000000000000        1.0000000000000000        2.5212000000000003        0.0000000000000000        12.906808870273611        12.906808870273611        0.0000000000000000     
   8.0834861445937503E-002  0.74403880947165657       0.63095454650406646        1.7007163225711734        1.7008020447640542        0.0000000000000000        1.0000000000000000        2.5211999999999999        0.0000000000000000        12.876040116085429        12.876040116085429        0.0000000000000000     
   8.1952814652500011E-002  0.74916620318858484       0.63756169161290499        1.7150952294656616        1.7151735760218609        0.0000000000000000        1.0000000000000000        2.5211999999999999        0.0000000000000000        12.843703585848205        12.843703585848205        0.0000000000000000     
   8.3070767859062492E-002  0.75425874207727939       0.64415576084294290        1.7294336745191086        1.7295118072128386        0.0000000000000000        1.0000000000000000        2.5211999999999999        0.0000000000000000        12.812415842032616        12.812415842032616        0.0000000000000000     
   8.4188721065625000E-002  0.75931712742437196       0.65073701978518239        1.7437424578050604        1.7438125711801304        0.0000000000000000        1.0000000000000000        2.5211999999999994        0.0000000000000000        12.783704528146982        12.783704528146982        0.0000000000000000     
   8.5306674272187508E-002  0.76434203731052242       0.65730573356305522        1.7580169899591656        1.7580841940393530        0.0000000000000000        1.0000000000000000        2.5211999999999999        0.0000000000000000        12.751570949191109        12.751570949191109        0.0000000000000000     
   8.6424627478750002E-002  0.76933412767145593       0.66386214162158064        1.7722537091325967        1.7723183460057310        0.0000000000000000        1.0000000000000000        2.5211999999999999        0.0000000000000000        12.721551261362549        12.721551261362549        0.0000000000000000     
   8.7542580685312496E-002  0.77429403329742896       0.67040648220861132        1.7864611083092234        1.7865233534743661        0.0000000000000000        1.0000000000000000        2.5211999999999999        0.0000000000000000        12.694475366209540        12.694475366209540        0.0000000000000000     
   8.8660533891875004E-002  0.77922236877543494       0.67693899566239435        1.8006374373383520        1.8006950504012631        0.0000000000000000        1.0000000000000000        2.5211999999999999        0.0000000000000000        12.666063672917067        12.666063672917067        0.0000000000000000     
   8.9778487098437512E-002  0.78411972937810970       0.68345990705720883        1.8147812304880182        1.8148334334816627        0.0000000000000000        1.0000000000000000        2.5211999999999999        0.0000000000000000        12.636856256431157        12.636856256431157        0.0000000000000000     
   9.0896440305000006E-002  0.78898669190297499       0.68996942919439341        1.8288922570054513        1.8289384997361469        0.0000000000000000        1.0000000000000000        2.5211999999999999        0.0000000000000000        12.609200259066345        12.609200259066345        0.0000000000000000     
   9.2014393511562501E-002  0.79382381546537140       0.69646777251123526        1.8429741733536369        1.8430185798045784        0.0000000000000000        1.0000000000000000        2.5211999999999999        0.0000000000000000        12.582514401853922        12.582514401853922        0.0000000000000000     
   9.3132346718125009E-002  0.79863164224816441       0.70295514295071726        1.8570256508468568        1.8570653442845226        0.0000000000000000        1.0000000000000000        2.5211999999999999        0.0000000000000000        12.553764492557301        12.553764492557301        0.0000000000000000     
   9.4250299924687503E-002  0.80341069821107070       0.70943173028397899        1.8710431902934059        1.8710787899119405        0.0000000000000000        1.0000000000000000        2.5211999999999999        0.0000000000000000        12.527023676021718        12.527023676021718        0.0000000000000000     
   9.5368253131249997E-002  0.80816149376223068       0.71589772473374513        1.8850348042519363        1.8850672416421279        0.0000000000000000        1.0000000000000000        2.5211999999999999        0.0000000000000000        12.502256193730789        12.502256193730789        0.0000000000000000     
   9.6486206337812505E-002  0.81288452439445547       0.72235331675094305        1.8989971858899988        1.8990223674235602        0.0000000000000000        1.0000000000000000        2.5211999999999999        0.0000000000000000        12.475796852898361        12.475796852898361        0.0000000000000000     
   9.7604159544374999E-002  0.81758027128839161       0.72879868316164531        1.9129294508072590        1.9129524984627002        0.0000000000000000        1.0000000000000000        2.5211999999999999        0.0000000000000000        12.448425743029883        12.448425743029883        0.0000000000000000     
   9.8722112750937507E-002  0.82224920188468409       0.73523399074799523        1.9268307637936719        1.9268493079196061        0.0000000000000000        1.0000000000000000        2.5211999999999999        0.0000000000000000        12.422105986576138        12.422105986576138        0.0000000000000000     
   9.9840065957500002E-002  0.82689177042706141       0.74165940398284380        1.9407039964071808        1.9407211225049819        0.0000000000000000        1.0000000000000000        2.5211999999999999        0.0000000000000000        12.398194439603731        12.398194439603731        0.0000000000000000     
  0.10095801916406251       0.83150841847812940       0.74807509018634943        1.9545520307928481        1.9545637799075650        0.0000000000000000        1.0000000000000000        2.5211999999999999        0.0000000000000000        12.373682899677178        12.373682899677178        0.0000000000000000     
  0.10207597237062500       0.83609957540953217       0.75448120836942645        1.9683703932699879        1.9683814454828437        0.0000000000000000        1.0000000000000000        2.5211999999999999        0.0000000000000000        12.349190845633368        12.349190845633368        0.0000000000000000     
  0.10319392557718750       0.84066565886801869       0.76087791189510889        1.9821636013123445        1.9821657866186790        0.0000000000000000        1.0000000000000000        2.5211999999999999        0.0000000000000000        12.325211084751389        12.325211084751389        0.0000000000000000     
  0.10431187878375001       0.84520707521884830       0.76726535054114753        1.9959285339532447        1.9959292892178504        0.0000000000000000        1.0000000000000000        2.5211999999999999        0.0000000000000000        12.299281829874200        12.299281829874200        0.0000000000000000     
  0.10542983199031250       0.84972421996786696       0.77364366179696187        2.0096635337140647        2.0096594487596744        0.0000000000000000        1.0000000000000000        2.5211999999999999        0.0000000000000000        12.275652632504725        12.275652632504725        0.0000000000000000     
  0.10654778519687501       0.85421747816349436       0.78001298646857975        2.0233757339178453        2.0233687519064203        0.0000000000000000        1.0000000000000000        2.5211999999999999        0.0000000000000000        12.253885020478007        12.253885020478007        0.0000000000000000     
  0.10766573840343750       0.85868722477977977       0.78637346706104905        2.0370621277955325        2.0370488737860293        0.0000000000000000        1.0000000000000000        2.5211999999999999        0.0000000000000000        12.229088966140113        12.229088966140113        0.0000000000000000     
  0.10878369161000000       0.86313382508160341       0.79272523061628763        2.0507188575815105        2.0507039933740323        0.0000000000000000        1.0000000000000000        2.5211999999999999        0.0000000000000000        12.205040966641210        12.205040966641210        0.0000000000000000     
  0.10990164481656250       0.86755763497303162       0.79906840240711863        2.0643513146587207        2.0643299623138311        0.0000000000000000        1.0000000000000000        2.5211999999999999        0.0000000000000000        12.183288622907201        12.183288622907201        0.0000000000000000     
  0.11101959802312500       0.87195900132976434       0.80540311143356114        2.0779597286826212        2.0779351161489674        0.0000000000000000        1.0000000000000000        2.5211999999999999        0.0000000000000000        12.159158564549543        12.159158564549543        0.0000000000000000     
  0.11213755122968749       0.87633826231655543       0.81172947422970931        2.0915379158996172        2.0915111132561885        0.0000000000000000        1.0000000000000000        2.5211999999999999        0.0000000000000000        12.136988608753661        12.136988608753661        0.0000000000000000     
  0.11325550443625000       0.88069574769042691       0.81804761005583027        2.1050969020679124        2.1050662598185030        0.0000000000000000        1.0000000000000000        2.5211999999999999        0.0000000000000000        12.116575548115684        12.116575548115684        0.0000000000000000     
  0.11437345764281251       0.88503177909044606       0.82435764026413194        2.1186295309601113        2.1185922062641263        0.0000000000000000        1.0000000000000000        2.5211999999999999        0.0000000000000000        12.092499534790997        12.092499534790997        0.0000000000000000     
  0.11549141084937500       0.88934667031478787       0.83065966998663565        2.1321345540685068        2.1320931098593379        0.0000000000000000        1.0000000000000000        2.5211999999999999        0.0000000000000000        12.069548831047541        12.069548831047541        0.0000000000000000     
  0.11660936405593750       0.89364072758575630       0.83695380471917136        2.1456158915294452        2.1455731506961850        0.0000000000000000        1.0000000000000000        2.5211999999999999        0.0000000000000000        12.047895594333486        12.047895594333486        0.0000000000000000     
  0.11772731726250001       0.89791424980339851       0.84324015084903325        2.1590725448073163        2.1590240233154239        0.0000000000000000        1.0000000000000000        2.5211999999999994        0.0000000000000000        12.026557161882783        12.026557161882783        0.0000000000000000     
  0.11884527046906250       0.90216752878830653       0.84951881233079107        2.1725060669362191        2.1724540705755357        0.0000000000000000        1.0000000000000000        2.5211999999999994        0.0000000000000000        12.006572810960987        12.006572810960987        0.0000000000000000     
  0.11996322367562499       0.90640084951416500       0.85578989432288788        2.1859182257272654        2.1858591226458146        0.0000000000000000        1.0000000000000000        2.5211999999999999        0.0000000000000000        11.984696005393795        11.984696005393795        0.0000000000000000     
  0.12108117688218750       0.91061449033056796       0.86205349257662700        2.1993026490389815        2.1992391621347038        0.0000000000000000        1.0000000000000000        2.5211999999999999        0.0000000000000000        11.963068429747846        11.963068429747846        0.0000000000000000     
  0.12219913008875001       0.91480872317659934       0.86830970073237723        2.2126665870503124        2.2125983404934524        0.0000000000000000        1.0000000000000000        2.5212000000000003        0.0000000000000000        11.941328272663204        11.941328272663204        0.0000000000000000     
  0.12331708329531249       0.91898381378564009       0.87455860920267292        2.2260023011544319        2.2259324927966451        0.0000000000000000        1.0000000000000000        2.5211999999999999        0.0000000000000000        11.919773531350719        11.919773531350719        0.0000000000000000     
  0.12443503650187500       0.92314002188183786       0.88080030618875615        2.2393180779683632        2.2392457887278567        0.0000000000000000        1.0000000000000000        2.5211999999999999        0.0000000000000000        11.900024840415199        11.900024840415199        0.0000000000000000     
  0.12555298970843751       0.92727760136865167       0.88703488287947818        2.2526096162619735        2.2525299059403578        0.0000000000000000        1.0000000000000000        2.5211999999999999        0.0000000000000000        11.880022924155247        11.880022924155247        0.0000000000000000     
  0.12667094291500000       0.93139680050985785       0.89326242698009106        2.2658807753452188        2.2657973417334509        0.0000000000000000        1.0000000000000000        2.5211999999999999        0.0000000000000000        11.858334422497391        11.858334422497391        0.0000000000000000     
  0.12778889612156250       0.93549786210338293       0.89948301834494204        2.2791236666620098        2.2790397661961457        0.0000000000000000        1.0000000000000000        2.5212000000000003        0.0000000000000000        11.838512561609043        11.838512561609043        0.0000000000000000     
  0.12890684932812502       0.93958102364830687       0.90569674023308333        2.2923505899999999        2.2922571756848691        0.0000000000000000        1.0000000000000000        2.5211999999999999        0.0000000000000000        11.818619708267228        11.818619708267228        0.0000000000000000     
  0.13002480253468751       0.94364651750536332       0.91190367328190958        2.3055490646578272        2.3054537265000876        0.0000000000000000        1.0000000000000000        2.5211999999999999        0.0000000000000000        11.796902619611265        11.796902619611265        0.0000000000000000     
  0.13114275574125001       0.94769457105124333       0.91810389017104632        2.3187272409950883        2.3186252474590288        0.0000000000000000        1.0000000000000000        2.5211999999999999        0.0000000000000000        11.778788191680833        11.778788191680833        0.0000000000000000     
  0.13226070894781250       0.95172540682699014       0.92429747241466875        2.3318853925256104        2.3317800642060731        0.0000000000000000        1.0000000000000000        2.5211999999999999        0.0000000000000000        11.759067621760661        11.759067621760661        0.0000000000000000     
  0.13337866215437499       0.95573924268076382       0.93048449434580516        2.3450194539495208        2.3449098525648768        0.0000000000000000        1.0000000000000000        2.5211999999999999        0.0000000000000000        11.737376694725421        11.737376694725421        0.0000000000000000     
  0.13449661536093752       0.95973629190522958       0.93666502239576654        2.3581290350701347        2.3580146209182828        0.0000000000000000        1.0000000000000000        2.5211999999999999        0.0000000000000000        11.717251367439051        11.717251367439051        0.0000000000000000     
  0.13561456856750001       0.96371676336981915       0.94283912570163708        2.3712180821374833        2.3710985336800738        0.0000000000000000        1.0000000000000000        2.5211999999999999        0.0000000000000000        11.699186245917732        11.699186245917732        0.0000000000000000     
  0.13673252177406250       0.96768086164809519       0.94900687755662561        2.3842873611223183        2.3841615850013786        0.0000000000000000        1.0000000000000000        2.5211999999999999        0.0000000000000000        11.679550136363341        11.679550136363341        0.0000000000000000     
  0.13785047498062500       0.97162878714043865       0.95516834435340203        2.3973324857773974        2.3972037745211741        0.0000000000000000        1.0000000000000000        2.5211999999999999        0.0000000000000000        11.659437233670522        11.659437233670522        0.0000000000000000     
  0.13896842818718749       0.97556073619226802       0.96132359042521465        2.4103567067946359        2.4102251078120775        0.0000000000000000        1.0000000000000000        2.5211999999999994        0.0000000000000000        11.641280469149478        11.641280469149478        0.0000000000000000     
  0.14008638139375001       0.97947690120798669       0.96747267946159132        2.4233613388670365        2.4232214241500469        0.0000000000000000        1.0000000000000000        2.5212000000000003        0.0000000000000000        11.621793521193727        11.621793521193727        0.0000000000000000     
  0.14120433460031251       0.98337747076084681       0.97361568745874072        2.4363419727727815        2.4362010527413243        0.0000000000000000        1.0000000000000000        2.5211999999999999        0.0000000000000000        11.601595628963377        11.601595628963377        0.0000000000000000     
  0.14232228780687500       0.98726262969890644       0.97975261663495838        2.4493013794733409        2.4491556673224526        0.0000000000000000        1.0000000000000000        2.5211999999999999        0.0000000000000000        11.583429151579557        11.583429151579557        0.0000000000000000     
  0.14344024101343750       0.99113255924724819       0.98588374468444584        2.4622413740710796        2.4620893317883845        0.0000000000000000        1.0000000000000000        2.5211999999999994        0.0000000000000000        11.563839771168796        11.563839771168796        0.0000000000000000     
  0.14455819421999999       0.99498743710661985       0.99200830215225366        2.4751574414229212        2.4750020176669487        0.0000000000000000        1.0000000000000000        2.5211999999999999        0.0000000000000000        11.545208771242091        11.545208771242091        0.0000000000000000     
