  0.10000000000000001        4.8424989718796892E-002  0.42153773445080872        2.5211999999999999     
  0.13287682265918310        6.7140719276427702E-002  0.46119749102082397        2.5211999999999999     
  0.15909902576697318        8.2694368742742205E-002  0.49497923837816443        2.5211999999999999     
  0.18157298807917438        9.6608501733897803E-002  0.52536389145365381        2.5211999999999999     
  0.20155644370746376       0.10941633984228059       0.55346323649980389        2.5212000000000003     
  0.21972994789058684       0.12143236593954707       0.57988344793180857        2.5211999999999999     
  0.23651109910530627       0.13284173327453705       0.60501399187107374        2.5211999999999999     
  0.25217801252290017       0.14376879761353165       0.62911119465297238        2.5211999999999999     
  0.26692695630078278       0.15430055615076807       0.65235429541299672        2.5211999999999999     
  0.28090256317805290       0.16450099223103468       0.67487942695163616        2.5211999999999999     
  0.29421505739849552       0.17441869024206941       0.69678734416037991        2.5211999999999999     
  0.30695072894521686       0.18409153819537424       0.71816281517007985        2.5211999999999999     
  0.31917863337009261       0.19354978020291147       0.73907069806579573        2.5211999999999999     
  0.33095505737184316       0.20281800094038041       0.75955966208142978        2.5211999999999999     
  0.34232659844072882       0.21191649449935759       0.77967855132761688        2.5211999999999999     
  0.35333235062756424       0.22086224686703901       0.79945751087957129        2.5211999999999999     
  0.36400549446402591       0.22966965012238469       0.81893242992177206        2.5211999999999999     
  0.37437447829679843       0.23835099706967222       0.83812874239873836        2.5211999999999999     
  0.38446391248074246       0.24691688132471420       0.85706511026474785        2.5211999999999999     
  0.39429525738968763       0.25537653907034696       0.87577041804264166        2.5211999999999999     
  0.40388736053508784       0.26373805524724475       0.89425266571994189        2.5211999999999999     
  0.41325688137041350       0.27200854888802417       0.91253250744568237        2.5211999999999999     
  0.42241863121789502       0.28019436513136836       0.93062634869504546        2.5211999999999999     
  0.43138584816843495       0.28830113994145734       0.94853824122477437        2.5211999999999999     
  0.44017042154147523       0.29633391965215067       0.96628882218491285        2.5211999999999999     
  0.44878307677540608       0.30429726188637335       0.98387801515987550        2.5211999999999999     
  0.45723352895429709       0.31219527496262112        1.0013223440305949        2.5211999999999999     
  0.46553061123840184       0.32003169557756600        1.0186259035150629        2.5211999999999999     
  0.47368238303741045       0.32780991629570166        1.0358010961048185        2.5211999999999999     
  0.48169622169994231       0.33553303808345042        1.0528478603892992        2.5211999999999999     
  0.48957890068915344       0.34320390253797212        1.0697786308774260        2.5211999999999999     
  0.49733665660194404       0.35082511819555351        1.0865933436977659        2.5211999999999999     
  0.50497524691810391       0.35839909346278304        1.1033002926582938        2.5211999999999999     
  0.51249999999999996       0.36592804715006816        1.1199035850679386        2.5211999999999999     
  0.51991585857713551       0.37341403688302599        1.1364073685148579        2.5211999999999999     
  0.52722741772407855       0.38085897731858021        1.1528157573177700        2.5211999999999999     
  0.53443895816079878       0.38826463497778196        1.1691370585792977        2.5211999999999999     
  0.54155447556086178       0.39563266088000115        1.1853670747152059        2.5211999999999999     
  0.54857770643729231       0.40296460019174751        1.2015182793193384        2.5211999999999999     
  0.55551215108222429       0.41026188331345709        1.2175864907123672        2.5211999999999999     
  0.56236109396009970       0.41752585897517103        1.2335758389114011        2.5211999999999999     
  0.56912762189161048       0.42475780061460189        1.2494863121281914        2.5211999999999999     
  0.57581464031405105       0.43195889732172282        1.2653303824566600        2.5211999999999999     
  0.58242488786108726       0.43913026533591865        1.2810997188376285        2.5211999999999999     
  0.58896094946948729       0.44627295403811590        1.2968026265749000        2.5211999999999999     
  0.59542526819072772       0.45338795071219840        1.3124432539347299        2.5211999999999999     
  0.60182015586053617       0.46047619163873549        1.3280174335866102        2.5211999999999999     
  0.60814780275850711       0.46753857103128627        1.3435293120929213        2.5211999999999999     
  0.61441028637222539       0.47457593006883192        1.3589788812458765        2.5211999999999999     
  0.62060957936532046       0.48158905915328076        1.3743744569222640        2.5211999999999999     
  0.62674755683608374       0.48857871071728182        1.3897118737220118        2.5211999999999999     
  0.63282600294235691       0.49554560150147053        1.4049952840324285        2.5211999999999999     
  0.63884661695903189       0.50249041248544035        1.4202205095150182        2.5211999999999999     
  0.64481101882644654       0.50941378461184317        1.4353958820345376        2.5211999999999999     
  0.65072075424101850       0.51631633571586122        1.4505213926785789        2.5211999999999994     
  0.65657729933344477       0.52319866269698390        1.4655970349577681        2.5211999999999999     
  0.66238206497458840       0.53006131760939545        1.4806228039055740        2.5211999999999999     
  0.66813640074463843       0.53690482632436043        1.4956028572067301        2.5211999999999999     
  0.67384159859717774       0.54372970449997016        1.5105330246879727        2.5211999999999999     
  0.67949889624634419       0.55053644721664174        1.5254216286804205        2.5211999999999999     
  0.68510948030223606       0.55732552322545204        1.5402645067404472        2.5211999999999999     
  0.69067448917706520       0.56409737698791973        1.5550616522422063        2.5211999999999999     
  0.69619501578221599       0.57085243060976243        1.5698213863536410        2.5211999999999999     
  0.70167211003430940       0.57759109384725860        1.5845353815280108        2.5211999999999999     
  0.70710678118654757       0.58431376427158610        1.5992077972347922        2.5211999999999999     
  0.71249999999999991       0.59102081984336874        1.6138427945790323        2.5211999999999999     
  0.71785270076806140       0.59771262021433302        1.6284403718718168        2.5211999999999999     
  0.72316578320603642       0.60438951616812375        1.6429963594704662        2.5211999999999999     
  0.72844011421667332       0.61105184228357989        1.6575149203660204        2.5211999999999999     
  0.73367652954145945       0.61769991705296701        1.6719960518440038        2.5211999999999999     
  0.73887583530658241       0.62433405255137830        1.6864397520838952        2.5212000000000003     
  0.74403880947165657       0.63095454650406646        1.7008501832420071        2.5211999999999999     
  0.74916620318858484       0.63756169161290499        1.7152231767965664        2.5211999999999999     
  0.75425874207727939       0.64415576084294290        1.7295628980210456        2.5211999999999999     
  0.75931712742437196       0.65073701978518239        1.7438651791970849        2.5211999999999994     
  0.76434203731052242       0.65730573356305522        1.7581383478083081        2.5211999999999999     
  0.76933412767145593       0.66386214162158064        1.7723740745386447        2.5211999999999999     
  0.77429403329742896       0.67040648220861132        1.7865806850316872        2.5211999999999999     
  0.77922236877543494       0.67693899566239435        1.8007540125741341        2.5211999999999999     
  0.78411972937810970       0.68345990705720883        1.8148940559695437        2.5211999999999999     
  0.78898669190297499       0.68996942919439341        1.8290008131129851        2.5211999999999999     
  0.79382381546537140       0.69646777251123526        1.8430826152395219        2.5211999999999999     
  0.79863164224816441       0.70295514295071726        1.8571311315294634        2.5211999999999999     
  0.80341069821107070       0.70943173028397899        1.8711463576754876        2.5211999999999999     
  0.80816149376223068       0.71589772473374513        1.8851366196461115        2.5211999999999999     
  0.81288452439445547       0.72235331675094305        1.8990935847875281        2.5211999999999999     
  0.81758027128839161       0.72879868316164531        1.9130255866256252        2.5211999999999999     
  0.82224920188468409       0.73523399074799523        1.9269242990550091        2.5211999999999999     
  0.82689177042706141       0.74165940398284380        1.9407980518862908        2.5211999999999999     
  0.83150841847812940       0.74807509018634943        1.9546426778559989        2.5211999999999999     
  0.83609957540953217       0.75448120836942645        1.9684623393306018        2.5211999999999999     
  0.84066565886801869       0.76087791189510889        1.9822487032109686        2.5211999999999999     
  0.84520707521884830       0.76726535054114753        1.9960142650912203        2.5211999999999999     
  0.84972421996786696       0.77364366179696187        2.0097465242695947        2.5211999999999999     
  0.85421747816349436       0.78001298646857975        2.0234579688962921        2.5211999999999999     
  0.85868722477977977       0.78637346706104905        2.0371402653531625        2.5211999999999999     
  0.86313382508160341       0.79272523061628763        2.0507975860923584        2.5211999999999999     
  0.86755763497303162       0.79906840240711863        2.0644257796144028        2.5211999999999999     
  0.87195900132976434       0.80540311143356114        2.0780331859967172        2.5211999999999999     
  0.87633826231655543       0.81172947422970931        2.0916114686283325        2.5211999999999999     
  0.88069574769042691       0.81804761005583027        2.1051689419387527        2.5211999999999999     
  0.88503177909044606       0.82435764026413194        2.1186972564395474        2.5211999999999999     
  0.88934667031478787       0.83065966998663565        2.1322005712675214        2.5211999999999999     
  0.89364072758575630       0.83695380471917136        2.1456830642290696        2.5211999999999999     
  0.89791424980339851       0.84324015084903325        2.1591364226602536        2.5211999999999994     
  0.90216752878830653       0.84951881233079107        2.1725689856776587        2.5211999999999994     
  0.90640084951416500       0.85578989432288788        2.1859765844055108        2.5211999999999999     
  0.91061449033056796       0.86205349257662700        2.1993592071928512        2.5211999999999999     
  0.91480872317659934       0.86830970073237723        2.2127210110916726        2.5212000000000003     
  0.91898381378564009       0.87455860920267292        2.2260578279127565        2.5211999999999999     
  0.92314002188183786       0.88080030618875615        2.2393738242983430        2.5211999999999999     
  0.92727760136865167       0.88703488287947818        2.2526606747345177        2.5211999999999999     
  0.93139680050985785       0.89326242698009106        2.2659308808658243        2.5211999999999999     
  0.93549786210338293       0.89948301834494204        2.2791761173478471        2.5212000000000003     
  0.93958102364830687       0.90569674023308333        2.2923963814493833        2.5211999999999999     
  0.94364651750536332       0.91190367328190958        2.3055958289759619        2.5211999999999999     
  0.94769457105124333       0.91810389017104632        2.3187702847722216        2.5211999999999999     
  0.95172540682699014       0.92429747241466875        2.3319280811853886        2.5211999999999999     
  0.95573924268076382       0.93048449434580516        2.3450608929930867        2.5211999999999999     
  0.95973629190522958       0.93666502239576654        2.3581687244136300        2.5211999999999999     
  0.96371676336981915       0.94283912570163708        2.3712557365430138        2.5211999999999999     
  0.96768086164809519       0.94900687755662561        2.3843219252530923        2.5211999999999999     
  0.97162878714043865       0.95516834435340203        2.3973672942002326        2.5211999999999999     
  0.97556073619226802       0.96132359042521465        2.4103918526378614        2.5211999999999994     
  0.97947690120798669       0.96747267946159132        2.4233914365937523        2.5212000000000003     
  0.98337747076084681       0.97361568745874072        2.4363743705043581        2.5211999999999999     
  0.98726262969890644       0.97975261663495838        2.4493323228535964        2.5211999999999999     
  0.99113255924724819       0.98588374468444584        2.4622693615556694        2.5211999999999994     
  0.99498743710661985       0.99200830215225366        2.4751854703284906        2.5211999999999999     
