   1.4720883147025872        0.0000000000000000     
   1.4717882032608411        9.5497042798856572E-003
   1.4708890539570807        1.9061720250791142E-002
   1.4693944123502161        2.8498508301752115E-002
   1.4673101813680838        3.7822825710874509E-002
   1.4646445832853705        4.6997873822467999E-002
   1.4614081375440600        5.5987442626001430E-002
   1.4576136227313614        6.4756054669675808E-002
   1.4532760068725588        7.3269104157863668E-002
   1.4484124125774385        8.1492994147445721E-002
   1.4430420314906123        8.9395268357687130E-002
   1.4371860609213833        9.6944740128456428E-002
   1.4308676087885477       0.10411161567513288     
   1.4241116144077302       0.11086760973909950     
   1.4169447407621576       0.11718606028768158     
   1.4093952667734337       0.12304203117376136     
   1.4014929954148483       0.12841241099318504     
   1.3932691047915648       0.13327600592200664     
   1.3847560562539292       0.13761362114710807     
   1.3759874423091507       0.14140813849461173     
   1.3669978725550651       0.14464458265166855     
   1.3578228247603226       0.14731018041753197     
   1.3484985086186028       0.14939441235021589     
   1.3390617199973107       0.15088905268967820     
   1.3295497046917915       0.15178820294399073     
   1.3200000000000001       0.15208831438573647     
   1.3104502953082084       0.15178820294399073     
   1.3009382800026894       0.15088905268967820     
   1.2915014913813974       0.14939441235021589     
   1.2821771752396773       0.14731018041753197     
   1.2730021274449350       0.14464458265166855     
   1.2640125576908494       0.14140813849461173     
   1.2552439437460710       0.13761362114710807     
   1.2467308952084351       0.13327600592200664     
   1.2385070045851516       0.12841241099318504     
   1.2306047332265664       0.12304203117376136     
   1.2230552592378425       0.11718606028768158     
   1.2158883843248673       0.11086760973909950     
   1.2091323902609004       0.10411161567513293     
   1.2028139397123188        9.6944740128455872E-002
   1.1969579688262386        8.9395268357687047E-002
   1.1915875890068153        8.1492994147445499E-002
   1.1867239940779934        7.3269104157863599E-002
   1.1823863788528921        6.4756054669675753E-002
   1.1785918615053883        5.5987442626001360E-002
   1.1753554173483314        4.6997873822467832E-002
   1.1726898195824680        3.7822825710874579E-002
   1.1706055876497838        2.8498508301752143E-002
   1.1691109473103218        1.9061720250791166E-002
   1.1682117970560093        9.5497042798856763E-003
   1.1679116856142635        1.8625446736230856E-017
   1.1682117970560093       -9.5497042798856763E-003
   1.1691109473103218       -1.9061720250791166E-002
   1.1706055876497838       -2.8498508301752143E-002
   1.1726898195824680       -3.7822825710874579E-002
   1.1753554173483314       -4.6997873822467832E-002
   1.1785918615053883       -5.5987442626001360E-002
   1.1823863788528921       -6.4756054669675753E-002
   1.1867239940779934       -7.3269104157863599E-002
   1.1915875890068153       -8.1492994147445499E-002
   1.1969579688262386       -8.9395268357687047E-002
   1.2028139397123188       -9.6944740128455872E-002
   1.2091323902609004      -0.10411161567513293     
   1.2158883843248673      -0.11086760973909950     
   1.2230552592378425      -0.11718606028768158     
   1.2306047332265664      -0.12304203117376136     
   1.2385070045851516      -0.12841241099318504     
   1.2467308952084351      -0.13327600592200664     
   1.2552439437460710      -0.13761362114710807     
   1.2640125576908494      -0.14140813849461173     
   1.2730021274449350      -0.14464458265166855     
   1.2821771752396773      -0.14731018041753197     
   1.2915014913813974      -0.14939441235021589     
   1.3009382800026894      -0.15088905268967820     
   1.3104502953082084      -0.15178820294399073     
   1.3200000000000001      -0.15208831438573647     
   1.3295497046917915      -0.15178820294399073     
   1.3390617199973107      -0.15088905268967820     
   1.3484985086186028      -0.14939441235021589     
   1.3578228247603226      -0.14731018041753197     
   1.3669978725550651      -0.14464458265166855     
   1.3759874423091507      -0.14140813849461173     
   1.3847560562539292      -0.13761362114710807     
   1.3932691047915648      -0.13327600592200664     
   1.4014929954148483      -0.12841241099318504     
   1.4093952667734337      -0.12304203117376136     
   1.4169447407621576      -0.11718606028768158     
   1.4241116144077302      -0.11086760973909950     
   1.4308676087885477      -0.10411161567513288     
   1.4371860609213833       -9.6944740128456428E-002
   1.4430420314906123       -8.9395268357687130E-002
   1.4484124125774385       -8.1492994147445721E-002
   1.4532760068725588       -7.3269104157863668E-002
   1.4576136227313614       -6.4756054669675808E-002
   1.4614081375440600       -5.5987442626001430E-002
   1.4646445832853705       -4.6997873822467999E-002
   1.4673101813680838       -3.7822825710874509E-002
   1.4693944123502161       -2.8498508301752115E-002
   1.4708890539570807       -1.9061720250791142E-002
   1.4717882032608411       -9.5497042798856572E-003
   1.4720883147025872        0.0000000000000000     
