 ( -7.9688921613088004E-007, -8.9248020332843121E-007)
 ( -1.0078042094011936E-006, -1.0632307308593593E-006)
 ( -1.3387443160034195E-006, -1.2454155888229469E-006)
 ( -1.3991113382182123E-006, -1.4538210702921276E-006)
 ( -1.7012482426378188E-006, -1.9671918486735645E-006)
 ( -6.2795287950518131E-006, -5.5271309022399988E-006)
 ( -2.2473796767442690E-006, -3.0357788016171256E-006)
 (  6.4404555143253228E-005,  6.0584378684986127E-005)
 ( -1.2588776925513185E-004, -1.0570114208946977E-004)
 ( -1.8567927209559773E-003, -1.9903579059146414E-003)
 (  1.2138890270547572E-002,  1.2866213141179989E-002)
 (  1.3811338907525753E-003,  1.2789391855224689E-003)
 (  3.3771291696590050E-004,  3.7110538874878196E-004)
 (  4.0197671964606233E-005,  2.1532319769308305E-005)
 (  2.5029057354120357E-006, -5.2653449929782955E-007)
 (  1.6521048891640519E-006,  2.7485976370557742E-006)
 (  2.3156831916497448E-006,  2.2946744809814236E-006)
 (  1.8575153456860775E-006,  1.7718191207127700E-006)
 (  1.3464843792413698E-006,  1.4753841372135841E-006)
 (  1.1592503265445709E-006,  1.1992412416789688E-006)
 (  1.4936430962177645E-002, -2.3441275733814366E-003)
