           1  0.10000000000000001        9.2550121021152805       -0.0000000000000000        3.6363635554407713E-002
           2  0.13287682265918310        5.1735045741754515       -0.0000000000000000        4.8318843528061990E-002
           3  0.15909902576697318        4.3653042677259837       -0.0000000000000000        5.7854189900515350E-002
           4  0.18157298807917438        3.6754474368252903       -0.0000000000000000        6.6026539650359137E-002
           5  0.20155644370746376        3.2545004610970243       -0.0000000000000000        7.3293250626207063E-002
           6  0.21972994789058684        2.9275770566275305       -0.0000000000000000        7.9901797454822981E-002
           7  0.23651109910530627        2.6761781260483808       -0.0000000000000000        8.6004034124377612E-002
           8  0.25217801252290017        2.4719858458255883       -0.0000000000000000        9.1701093422176069E-002
           9  0.26692695630078278        2.3029921287531208       -0.0000000000000000        9.7064345585689785E-002
          10  0.28090256317805290        2.1599602016082966       -0.0000000000000000       0.10214638433705704     
          11  0.29421505739849552        2.0367446469765422       -0.0000000000000000       0.10698729121858037     
          12  0.30695072894521686        1.9294415831812690       -0.0000000000000000       0.11161844440523652     
          13  0.31917863337009261        1.8348974440255086       -0.0000000000000000       0.11606495500623965     
          14  0.33095505737184316        1.7507687183959733       -0.0000000000000000       0.12034729091157800     
          15  0.34232659844072882        1.6753600778548903       -0.0000000000000000       0.12448239666278739     
          16  0.35333235062756424        1.6073511734421386       -0.0000000000000000       0.12848448827802947     
          17  0.36400549446402591        1.5454363058916802       -0.0000000000000000       0.13236563140491814     
          18  0.37437447829679843        1.4887607087409687       -0.0000000000000000       0.13613617089656299     
          19  0.38446391248074246        1.4368902629633684       -0.0000000000000000       0.13980505597271423     
          20  0.39429525738968763        1.3890048270198887       -0.0000000000000000       0.14338009040549987     
          21  0.40388736053508784        1.3446024327132990       -0.0000000000000000       0.14686812783529607     
          22  0.41325688137041350        1.3035976694373874       -0.0000000000000000       0.15027522624504819     
          23  0.42241863121789502        1.2652068289326681       -0.0000000000000000       0.15360677156999289     
          24  0.43138584816843495        1.2292966906944927       -0.0000000000000000       0.15686757766126028     
          25  0.44017042154147523        1.1957652203915838       -0.0000000000000000       0.16006196790764221     
          26  0.44878307677540608        1.1641770080039948       -0.0000000000000000       0.16319384246846644     
          27  0.45723352895429709        1.1345091014649138       -0.0000000000000000       0.16626673410149787     
          28  0.46553061123840184        1.1064339824754834       -0.0000000000000000       0.16928385486493905     
          29  0.47368238303741045        1.0799073347211625       -0.0000000000000000       0.17224813545315751     
          30  0.48169622169994231        1.0547818685926924       -0.0000000000000000       0.17516225853831882     
          31  0.48957890068915344        1.0309221065962848       -0.0000000000000000       0.17802868719787943     
          32  0.49733665660194404        1.0082886996605338       -0.0000000000000000       0.18084968928520712     
          33  0.50497524691810391       0.98669800887978265       -0.0000000000000000       0.18362735842926978     
          34  0.51249999999999996       0.96614846735454207       -0.0000000000000000       0.18636363221633953     
          35  0.51991585857713551       0.94658280094668645       -0.0000000000000000       0.18906030800255938     
          36  0.52722741772407855       0.92776386299999025       -0.0000000000000000       0.19171905672409870     
          37  0.53443895816079878       0.90980561818909200       -0.0000000000000000       0.19434143500636639     
          38  0.54155447556086178       0.89263876683993304       -0.0000000000000000       0.19692889582153578     
          39  0.54857770643729231       0.87604967466636585       -0.0000000000000000       0.19948279790158560     
          40  0.55551215108222429       0.86020733820197026       -0.0000000000000000       0.20200441407999081     
          41  0.56236109396009970       0.84505856731882079       -0.0000000000000000       0.20449493870743099     
          42  0.56912762189161048       0.83042437950091641       -0.0000000000000000       0.20695549426413276     
          43  0.57581464031405105       0.81631432436175000       -0.0000000000000000       0.20938713727272515     
          44  0.58242488786108726       0.80269983224723318       -0.0000000000000000       0.21179086359997359     
          45  0.58896094946948729       0.78954793419722424       -0.0000000000000000       0.21416761322286373     
          46  0.59542526819072772       0.77689244512215527       -0.0000000000000000       0.21651827452373096     
          47  0.60182015586053617       0.76475239622879665       -0.0000000000000000       0.21884368817009384     
          48  0.60814780275850711       0.75297048939712430       -0.0000000000000000       0.22114465062724178     
          49  0.61441028637222539       0.74151408351461223       -0.0000000000000000       0.22342191734518879     
          50  0.62060957936532046       0.73045138776002727       -0.0000000000000000       0.22567620565614782     
          51  0.62674755683608374       0.71975983364748819       -0.0000000000000000       0.22790819741402785     
          52  0.63282600294235691       0.70939728877567743       -0.0000000000000000       0.23011854140348412     
          53  0.63884661695903189       0.69928532040047808       -0.0000000000000000       0.23230785554264538     
          54  0.64481101882644654       0.68954870770441490       -0.0000000000000000       0.23447672890071233     
          55  0.65072075424101850       0.68017249381100620       -0.0000000000000000       0.23662572354909706     
          56  0.65657729933344477       0.67090413057884535       -0.0000000000000000       0.23875537626258650     
          57  0.66238206497458840       0.66188910996003392       -0.0000000000000000       0.24086620008511944     
          58  0.66813640074463843       0.65325203281068411       -0.0000000000000000       0.24295868577311736     
          59  0.67384159859717774       0.64487255589751880       -0.0000000000000000       0.24503330312787264     
          60  0.67949889624634419       0.63667287275552664       -0.0000000000000000       0.24709050222724360     
          61  0.68510948030223606       0.62864931029890581       -0.0000000000000000       0.24913071456580183     
          62  0.69067448917706520       0.62080047724750587       -0.0000000000000000       0.25115435411161513     
          63  0.69619501578221599       0.61320355210567756       -0.0000000000000000       0.25316181828699630     
          64  0.70167211003430940       0.60584286852211255       -0.0000000000000000       0.25515348887979894     
          65  0.70710678118654757       0.59863119922120434       -0.0000000000000000       0.25712973289117935     
          66  0.71249999999999991       0.59156514221450718       -0.0000000000000000       0.25909090332515494     
          67  0.71785270076806140       0.58472090357925632       -0.0000000000000000       0.26103733992477079     
          68  0.72316578320603642       0.57801390838249700       -0.0000000000000000       0.26296936985922126     
          69  0.72844011421667332       0.57143329554424105       -0.0000000000000000       0.26488730836586238     
          70  0.73367652954145945       0.56505893255780459       -0.0000000000000000       0.26679145935068277     
          71  0.73887583530658241       0.55880479480834855       -0.0000000000000000       0.26868211595047137     
          72  0.74403880947165657       0.55274899989532034       -0.0000000000000000       0.27055956105962720     
          73  0.74916620318858484       0.54673837723361440       -0.0000000000000000       0.27242406782429057     
          74  0.75425874207727939       0.54088462803736037       -0.0000000000000000       0.27427590010624192     
          75  0.75931712742437196       0.53524412153757350       -0.0000000000000000       0.27611531291879626     
          76  0.76434203731052242       0.52956362696928638       -0.0000000000000000       0.27794255283673341     
          77  0.76933412767145593       0.52407289973656734       -0.0000000000000000       0.27975785838212996     
          78  0.77429403329742896       0.51879850446036802       -0.0000000000000000       0.28156146038780139     
          79  0.77922236877543494       0.51356204053435528       -0.0000000000000000       0.28335358233992203     
          80  0.78411972937810970       0.50838448805397551       -0.0000000000000000       0.28513444070126387     
          81  0.78898669190297499       0.50335796508885311       -0.0000000000000000       0.28690424521637548     
          82  0.79382381546537140       0.49845471810846864       -0.0000000000000000       0.28866319919992167     
          83  0.79863164224816441       0.49355277568763611       -0.0000000000000000       0.29041149980930375     
          84  0.80341069821107070       0.48881171953423702       -0.0000000000000000       0.29214933830259615     
          85  0.80816149376223068       0.48422426117312056       -0.0000000000000000       0.29387690028275498     
          86  0.81288452439445547       0.47964674046211214       -0.0000000000000000       0.29559436592898025     
          87  0.81758027128839161       0.47510872261483478       -0.0000000000000000       0.29730191021604863     
          88  0.82224920188468409       0.47068372624814708       -0.0000000000000000       0.29899970312237267     
          89  0.82689177042706141       0.46641946570705201       -0.0000000000000000       0.30068790982748633     
          90  0.83150841847812940       0.46219928618740602       -0.0000000000000000       0.30236669089960633     
          91  0.83609957540953217       0.45804611343910290       -0.0000000000000000       0.30403620247387259     
          92  0.84066565886801869       0.45397547657304216       -0.0000000000000000       0.30569659642182673     
          93  0.84520707521884830       0.44989616431957197       -0.0000000000000000       0.30734802051265064     
          94  0.84972421996786696       0.44596293265497522       -0.0000000000000000       0.30899061856664889     
          95  0.85421747816349436       0.44215525196205241       -0.0000000000000000       0.31062453060142536     
          96  0.85868722477977977       0.43829584549438710       -0.0000000000000000       0.31224989297117689     
          97  0.86313382508160341       0.43452087027528241       -0.0000000000000000       0.31386683849949321     
          98  0.86755763497303162       0.43088209617965761       -0.0000000000000000       0.31547549660603202     
          99  0.87195900132976434       0.42721246878204272       -0.0000000000000000       0.31707599342740861     
         100  0.87633826231655543       0.42366513582719662       -0.0000000000000000       0.31866845193262167     
         101  0.88069574769042691       0.42022832932591425       -0.0000000000000000       0.32025299203331292     
         102  0.88503177909044606       0.41671447089566233       -0.0000000000000000       0.32182973068914056     
         103  0.88934667031478787       0.41328910038496847       -0.0000000000000000       0.32339878200852934     
         104  0.89364072758575630       0.40995552371303345       -0.0000000000000000       0.32496025734504186     
         105  0.89791424980339851       0.40667887096381200       -0.0000000000000000       0.32651426538960193     
         106  0.90216752878830653       0.40349261018816163       -0.0000000000000000       0.32806091225878609     
         107  0.90640084951416500       0.40028621632185085       -0.0000000000000000       0.32960030157938647     
         108  0.91061449033056796       0.39713221115295116       -0.0000000000000000       0.33113253456943498     
         109  0.91480872317659934       0.39401629593554643       -0.0000000000000000       0.33265771011586914     
         110  0.91898381378564009       0.39094883151569892       -0.0000000000000000       0.33417592484900699     
         111  0.92314002188183786       0.38798023881752564       -0.0000000000000000       0.33568727321399117     
         112  0.92727760136865167       0.38504267793781455       -0.0000000000000000       0.33719184753935005     
         113  0.93139680050985785       0.38208867319835649       -0.0000000000000000       0.33868973810281855     
         114  0.93549786210338293       0.37923356846856265       -0.0000000000000000       0.34018103319454979     
         115  0.93958102364830687       0.37641181229613180       -0.0000000000000000       0.34166581917784367     
         116  0.94364651750536332       0.37356927517724253       -0.0000000000000000       0.34314418054751050     
         117  0.94769457105124333       0.37087577964035995       -0.0000000000000000       0.34461619998598159     
         118  0.95172540682699014       0.36816560248317426       -0.0000000000000000       0.34608195841727085     
         119  0.95573924268076382       0.36542824923099765       -0.0000000000000000       0.34754153505888924     
         120  0.95973629190522958       0.36277362558339521       -0.0000000000000000       0.34899500747180429     
         121  0.96371676336981915       0.36021490651102611       -0.0000000000000000       0.35044245160853482     
         122  0.96768086164809519       0.35763914083717740       -0.0000000000000000       0.35188394185946564     
         123  0.97162878714043865       0.35508051623079295       -0.0000000000000000       0.35331955109746099     
         124  0.97556073619226802       0.35261189498561496       -0.0000000000000000       0.35474935072085323     
         125  0.97947690120798669       0.35013256426072048       -0.0000000000000000       0.35617341069487835     
         126  0.98337747076084681       0.34766182146941005       -0.0000000000000000       0.35759179959162662     
         127  0.98726262969890644       0.34528081161560725       -0.0000000000000000       0.35900458462857210     
         128  0.99113255924724819       0.34288537765209665       -0.0000000000000000       0.36041183170574342     
         129  0.99498743710661985       0.34054655074365719       -0.0000000000000000       0.36181360544159291     
