           1   2.8045078426038578E-011   1.8030700000000000E+019
           2   2.8045078426038579E-005   1.8030346021297601E+019
           3   1.1212571809282622E-004   1.8029284806418399E+019
           4   2.5216449097734399E-004   1.8027517310989498E+019
           5   4.4807696340541225E-004   1.8025044598822199E+019
           6   6.9977593281725088E-004   1.8021867787819901E+019
           7   1.0072023411172718E-003   1.8017987599210600E+019
           8   1.3702930852008998E-003   1.8013404862406500E+019
           9   1.7889721549965521E-003   1.8008120496973300E+019
          10   2.2631816992660266E-003   1.8002135278231099E+019
          11   2.7928717535178069E-003   1.7995449801193001E+019
          12   3.3779707018495309E-003   1.7988064985424699E+019
          13   4.0183392622983836E-003   1.7979982579904100E+019
          14   4.7138819937997418E-003   1.7971203792688101E+019
          15   5.4644763361708926E-003   1.7961730174416900E+019
          16   6.2699720515906558E-003   1.7951563618314000E+019
          17   7.1301195783532532E-003   1.7940707261721199E+019
          18   8.0448705388287255E-003   1.7929161753743700E+019
          19   9.0141236888221215E-003   1.7916928320469101E+019
          20   1.0037774605803023E-002   1.7904008332230599E+019
          21   1.1115694917552016E-002   1.7890403375729799E+019
          22   1.2247916408793025E-002   1.7876113054291300E+019
          23   1.3434376781884081E-002   1.7861138143235199E+019
          24   1.4674949509722436E-002   1.7845480265324499E+019
          25   1.5969457271421128E-002   1.7829141656366000E+019
          26   1.7317810414511102E-002   1.7812123434263101E+019
          27   1.8719824318927283E-002   1.7794427924976099E+019
          28   2.0175225241830401E-002   1.7776058590399400E+019
          29   2.1683777035007373E-002   1.7757018423629199E+019
          30   2.3245419186315227E-002   1.7737308163924199E+019
          31   2.4860005806054717E-002   1.7716929686477199E+019
          32   2.6527314769270560E-002   1.7695885768016001E+019
          33   2.8247207920869245E-002   1.7674178157518500E+019
          34   3.0019710941328780E-002   1.7651806512401400E+019
          35   3.1844726922926281E-002   1.7628772094813700E+019
          36   3.3722065172690593E-002   1.7605077284807799E+019
          37   3.5651576264062498E-002   1.7580723993637900E+019
          38   3.7633315475872564E-002   1.7555711482045299E+019
          39   3.9667219039016106E-002   1.7530040597472899E+019
          40   4.1753180462402492E-002   1.7503712656161798E+019
          41   4.3891079623920401E-002   1.7476729172690801E+019
          42   4.6081041617162304E-002   1.7449088596419701E+019
          43   4.8323021832000400E-002   1.7420791468269500E+019
          44   5.0616923272166596E-002   1.7391839014327800E+019
          45   5.2962462047248013E-002   1.7362234804673200E+019
          46   5.5359669319758734E-002   1.7331978478691701E+019
          47   5.7808383811255082E-002   1.7301072055821699E+019
          48   6.0308449467817368E-002   1.7269517501409499E+019
          49   6.2859490953638394E-002   1.7237319557529201E+019
          50   6.5461633140893524E-002   1.7204476655509899E+019
          51   6.8114835841452476E-002   1.7170989282180499E+019
          52   7.0819045929747373E-002   1.7136858122707599E+019
          53   7.3574035556696962E-002   1.7102086043972499E+019
          54   7.6379784363869191E-002   1.7066673316435702E+019
          55   7.9236251348529033E-002   1.7030620444956799E+019
          56   8.2143266353009156E-002   1.6993929593219799E+019
          57   8.5100531561762116E-002   1.6956604493579600E+019
          58   8.8107718231690266E-002   1.6918649311127900E+019
          59   9.1164892777080508E-002   1.6880063216452499E+019
          60   9.4271936137246617E-002   1.6840847706101502E+019
          61   9.7428749526109373E-002   1.6801004006162502E+019
          62  0.10063490081624193        1.6760537615999001E+019
          63  0.10389056725043640        1.6719446245712101E+019
          64  0.10719559182364964        1.6677731896709501E+019
          65  0.11054973509098120        1.6635397634210200E+019
          66  0.11395243953157007        1.6592450418064400E+019
          67  0.11740326262414404        1.6548895891881200E+019
          68  0.12090198609931765        1.6504736796327000E+019
          69  0.12444814113307057        1.6459979027440699E+019
          70  0.12804119533546116        1.6414629328704100E+019
          71  0.13167976793178493        1.6368705117773400E+019
          72  0.13536373345846345        1.6322207999380900E+019
          73  0.13909204785191437        1.6275151117906901E+019
          74  0.14286326896402091        1.6227552684358400E+019
          75  0.14667439963732173        1.6179450527143999E+019
          76  0.15052172419209184        1.6130891562145100E+019
          77  0.15440091076184898        1.6081930440413399E+019
          78  0.15830399759217381        1.6032667683101401E+019
          79  0.16221704417905644        1.5983279197718299E+019
          80  0.16610223874366775        1.5934242256893100E+019
          81  0.16990984329628109        1.5886184599446299E+019
          82  0.17352523867685046        1.5840552936623100E+019
          83  0.17665775568942760        1.5801015902829701E+019
          84  0.17891314377330006        1.5772549538529300E+019
          85  0.18014582472009208        1.5756991262205401E+019
          86  0.18085134426456961        1.5748086566611298E+019
          87  0.18122610076942811        1.5743356591111000E+019
          88  0.18146419913985018        1.5740351432372699E+019
          89  0.18162887416548965        1.5738272979491600E+019
          90  0.18175092090172801        1.5736732580729199E+019
          91  0.18184539346355560        1.5735540192507501E+019
          92  0.18192241718494415        1.5734568031255599E+019
          93  0.18198713595984700        1.5733751186453500E+019
          94  0.18204354105000964        1.5733039262294700E+019
          95  0.18209389704689821        1.5732403698150400E+019
          96  0.18213999987823418        1.5731821811399999E+019
          97  0.18218312755801405        1.5731277482597702E+019
          98  0.18222371700289000        1.5730765176318601E+019
          99  0.18226339735208061        1.5730264355595399E+019
         100  0.18230276350190272        1.5729767483595500E+019
         101  0.18234222101366135        1.5729269475661500E+019
         102  0.18238316811860381        1.5728752661707399E+019
         103  0.18242606745364059        1.5728211217817100E+019
         104  0.18247180223215551        1.5727633964956600E+019
         105  0.18252175430901993        1.5727003503500401E+019
         106  0.18257782001780506        1.5726295870648201E+019
         107  0.18264235780969998        1.5725481315744999E+019
         108  0.18271809847130138        1.5724525346061699E+019
         109  0.18281425780226557        1.5723311663583300E+019
         110  0.18294434707360363        1.5721669751979901E+019
         111  0.18310497490064423        1.5719642380071901E+019
         112  0.18334211847396367        1.5716649283871900E+019
         113  0.18371069392667103        1.5711997309179800E+019
         114  0.18435838822623907        1.5703822442229600E+019
         115  0.18566147388447565        1.5687375576948302E+019
         116  0.18788136710478262        1.5659357203420101E+019
         117  0.19110922931729304        1.5618616782678000E+019
         118  0.19488235810123242        1.5570994260114299E+019
         119  0.19897289850427108        1.5519365550409701E+019
         120  0.20324192462849047        1.5465484085047099E+019
         121  0.20762039912405425        1.5410221215634700E+019
         122  0.21208235089180802        1.5353904722267800E+019
         123  0.21661294851730944        1.5296721835735200E+019
         124  0.22120387106980036        1.5238777548802998E+019
         125  0.22584765605445650        1.5180166071878701E+019
         126  0.23054049245071298        1.5120935474808500E+019
         127  0.23527963842250563        1.5061120394567100E+019
         128  0.24006292411141153        1.5000748201757100E+019
         129  0.24488780224079160        1.4939851063147301E+019
         130  0.24975303502184470        1.4878444575293200E+019
         131  0.25465749956090405        1.4816542910325000E+019
         132  0.25960001007373806        1.4754161069785100E+019
         133  0.26457946482322325        1.4691312937312500E+019
         134  0.26959454662560267        1.4628015119181900E+019
         135  0.27464319558260497        1.4564293651724100E+019
         136  0.27972565180084930        1.4500145487750799E+019
         137  0.28484098539601149        1.4435582347216998E+019
         138  0.28998828015434874        1.4370615823862800E+019
         139  0.29516662863800558        1.4305257349152000E+019
         140  0.30037512803523125        1.4239518318486999E+019
         141  0.30561121725346879        1.4173431078943601E+019
         142  0.31087536265664434        1.4106989716452200E+019
         143  0.31616690090671196        1.4040202615288300E+019
         144  0.32148495049875209        1.3973080918424498E+019
         145  0.32682863286691838        1.3905635678679900E+019
         146  0.33219706855350595        1.3837878020996399E+019
         147  0.33758937779838522        1.3769819052285200E+019
         148  0.34300403689366626        1.3701477975241800E+019
         149  0.34843945779721119        1.3632874858035300E+019
         150  0.35389606810102281        1.3564004309486399E+019
         151  0.35937299245083471        1.3494877364383500E+019
         152  0.36486935206245896        1.3425505111607099E+019
         153  0.37038427115136158        1.3355898622006999E+019
         154  0.37591687382308364        1.3286068930371600E+019
         155  0.38146628079734829        1.3216027161642799E+019
         156  0.38703161343358522        1.3145784350609000E+019
         157  0.39261199290390608        1.3075351658273499E+019
         158  0.39820653678591078        1.3004740173516800E+019
         159  0.40381359675040390        1.2933970721797401E+019
         160  0.40943230004859876        1.2863054319872999E+019
         161  0.41506254906912432        1.2791992193831199E+019
         162  0.42070345747303117        1.2720795522706000E+019
         163  0.42635413148117618        1.2649475593715599E+019
         164  0.43201366336771635        1.2578043874385201E+019
         165  0.43768113528291808        1.2506511922393500E+019
         166  0.44335560858651252        1.2434891619971801E+019
         167  0.44903612483809013        1.2363195047689101E+019
         168  0.45472168796598034        1.2291434772943299E+019
         169  0.46041125800222105        1.2219623922084000E+019
         170  0.46610373780758896        1.2147776324658100E+019
         171  0.47179795387400109        1.2075906837962400E+019
         172  0.47749261578064411        1.2004031725688300E+019
         173  0.48318628682156867        1.1932169108689299E+019
         174  0.48887732160243114        1.1860339776362500E+019
         175  0.49456377073170299        1.1788568304551999E+019
         176  0.50024325990727048        1.1716884696342600E+019
         177  0.50591276719525335        1.1645327068634100E+019
         178  0.51156829479248067        1.1573945889355801E+019
         179  0.51720432528359450        1.1502810775040399E+019
         180  0.52281282219605718        1.1432023184436799E+019
         181  0.52838146564717559        1.1361738614301800E+019
         182  0.53389034114535605        1.1292208394562699E+019
         183  0.53930453297080916        1.1223873231588901E+019
         184  0.54456047636242810        1.1157535401376901E+019
         185  0.54952854400870565        1.1094830973583299E+019
         186  0.55395911922648999        1.1038910524541899E+019
         187  0.55745607766041494        1.0994773696902199E+019
         188  0.55987765545207402        1.0964209767178699E+019
         189  0.56120243915949153        1.0947489033595101E+019
         190  0.56198329521401336        1.0937633452975100E+019
         191  0.56255198520103833        1.0930455755857701E+019
         192  0.56288447217482551        1.0926259254678301E+019
         193  0.56312347817099828        1.0923242646445500E+019
         194  0.56330522996961041        1.0920948672607300E+019
         195  0.56344752118490216        1.0919152742764501E+019
         196  0.56356529690405910        1.0917666237764399E+019
         197  0.56366209158385161        1.0916444531624501E+019
         198  0.56374576998964299        1.0915388401402700E+019
         199  0.56381951142054731        1.0914457674699401E+019
         200  0.56388476020183131        1.0913634140507601E+019
         201  0.56394324657455630        1.0912895963649602E+019
         202  0.56399798999601591        1.0912205009194899E+019
         203  0.56404907253432002        1.0911560267424301E+019
         204  0.56409654927048658        1.0910961053171200E+019
         205  0.56414303956378276        1.0910374280101100E+019
         206  0.56418679016797924        1.0909822071882899E+019
         207  0.56423039374034401        1.0909271720826800E+019
         208  0.56427306302555658        1.0908733161848500E+019
         209  0.56431586463457917        1.0908192962076500E+019
         210  0.56435917720638806        1.0907646289283199E+019
         211  0.56440319312414011        1.0907090745385501E+019
         212  0.56444887112591935        1.0906514213753000E+019
         213  0.56449655251698072        1.0905912421109801E+019
         214  0.56454631719539872        1.0905284303644600E+019
         215  0.56460089902369848        1.0904595404689701E+019
         216  0.56465904830661218        1.0903861483076901E+019
         217  0.56472243538250655        1.0903061424856500E+019
         218  0.56479468499610230        1.0902149522204000E+019
         219  0.56487662408490047        1.0901115353374800E+019
         220  0.56497146277613897        1.0899918331263199E+019
         221  0.56508566158835283        1.0898476975135902E+019
         222  0.56522282606327667        1.0896745757475400E+019
         223  0.56539716539825535        1.0894545326908801E+019
         224  0.56562452494913740        1.0891675704942399E+019
         225  0.56593782774709933        1.0887721374094701E+019
         226  0.56641322485244705        1.0881721153810100E+019
         227  0.56718728977511401        1.0871951309168599E+019
         228  0.56837789066872801        1.0856924145143900E+019
         229  0.57051770768340304        1.0829916464473500E+019
         230  0.57378748233346255        1.0788647022993400E+019
         231  0.57801796462485533        1.0735252043947500E+019
         232  0.58283553535882882        1.0674447114337499E+019
         233  0.58797265963982492        1.0609608951536601E+019
         234  0.59328205852880245        1.0542596430561300E+019
         235  0.59868882418502367        1.0474355009196800E+019
         236  0.60415264962895010        1.0405393369551499E+019
         237  0.60965053890707865        1.0336001823926100E+019
         238  0.61516851037439690        1.0266356802720098E+019
         239  0.62069649338078592        1.0196585422368500E+019
         240  0.62622545928179907        1.0126801618864601E+019
         241  0.63175344922434806        1.0057030166390200E+019
         242  0.63727751266254340        9.9873082442487009E+018
         243  0.64279521980542176        9.9176665587222016E+018
         244  0.64830448265758633        9.8481314526634004E+018
         245  0.65380342115180556        9.7787266544734986E+018
         246  0.65928418618859630        9.7095512248183009E+018
         247  0.66474589523344507        9.6406163247011000E+018
         248  0.67018961534469901        9.5719084851889992E+018
         249  0.67561264899573359        9.5034617121822003E+018
         250  0.68101176377882822        9.4353168271855002E+018
         251  0.68638148648269626        9.3675429238412984E+018
         252  0.69169809122216430        9.3004394560151982E+018
         253  0.69696400509937750        9.2339757895479009E+018
         254  0.70216200241775351        9.1683693205893007E+018
         255  0.70726701928508939        9.1039363977709005E+018
         256  0.71224180089842126        9.0411472256873001E+018
         257  0.71691209696499791        8.9822011350323999E+018
         258  0.72114244200352573        8.9288078689030001E+018
         259  0.72469523105925093        8.8839663834765998E+018
         260  0.72739748331626408        8.8498599440934001E+018
         261  0.72902313815007636        8.8293417647827999E+018
         262  0.73002415318971114        8.8167074369244006E+018
         263  0.73075212998832983        8.8075192806956001E+018
         264  0.73117777425109953        8.8021470516612997E+018
         265  0.73147941417542717        8.7983398873869998E+018
         266  0.73170513962552253        8.7954909105720996E+018
         267  0.73188043821001214        8.7932783633750999E+018
         268  0.73202173942763604        8.7914949468381000E+018
         269  0.73213705084750569        8.7900395447954995E+018
         270  0.73223476421223765        8.7888062449155000E+018
         271  0.73231879535582534        8.7877456430800998E+018
         272  0.73239270546669810        8.7868127887542006E+018
         273  0.73245881575473404        8.7859783820503009E+018
         274  0.73251602793573589        8.7852562885767004E+018
         275  0.73257010803057898        8.7845737003667999E+018
         276  0.73261875837019519        8.7839596829089997E+018
         277  0.73266477739480962        8.7833788419392000E+018
         278  0.73270730716089760        8.7828420319388006E+018
         279  0.73274861920633172        8.7823206381869005E+018
         280  0.73278678907207151        8.7818388759136000E+018
         281  0.73282495993194552        8.7813570956096000E+018
         282  0.73286083750874309        8.7809042726098002E+018
         283  0.73289641290656571        8.7804552360570010E+018
         284  0.73293173233351971        8.7800094630609009E+018
         285  0.73296648585027513        8.7795708302219991E+018
         286  0.73300124019096713        8.7791321793523999E+018
         287  0.73303664262419921        8.7786853425450004E+018
         288  0.73307234729345938        8.7782347012598999E+018
         289  0.73310837819485530        8.7777799309444997E+018
         290  0.73314680231408624        8.7772949592066007E+018
         291  0.73318522744024495        8.7768099694380001E+018
         292  0.73322697082438670        8.7762831304146995E+018
         293  0.73326988169300411        8.7757415242480998E+018
         294  0.73331658568168367        8.7751520465730007E+018
         295  0.73336573865468202        8.7745316642781000E+018
         296  0.73342085038080407        8.7738360579027999E+018
         297  0.73347940018730617        8.7730970876940001E+018
         298  0.73354624639324473        8.7722533771489004E+018
         299  0.73362196228584897        8.7712977320182006E+018
         300  0.73370818870744703        8.7702094350275994E+018
         301  0.73380850477702286        8.7689433012428995E+018
         302  0.73392682676174648        8.7674498904847002E+018
         303  0.73407403666837689        8.7655918809417994E+018
         304  0.73425646528782629        8.7632893605517998E+018
         305  0.73449192090105164        8.7603175586084997E+018
         306  0.73480979330646279        8.7563055295208008E+018
         307  0.73525757910542433        8.7506538246365000E+018
         308  0.73605160114264301        8.7406320730852997E+018
         309  0.73712116453756638        8.7271325781487995E+018
         310  0.73884271970511362        8.7054039979472005E+018
         311  0.74155786624180187        8.6711348134657997E+018
         312  0.74520381695605331        8.6251174739696005E+018
         313  0.74944805752803578        8.5715488412519997E+018
         314  0.75402457252304977        8.5137863939293000E+018
         315  0.75880146410425209        8.4534949065324995E+018
         316  0.76370261348404467        8.3916350908190003E+018
         317  0.76867067618511831        8.3289307531788995E+018
         318  0.77366195273410798        8.2659333806023997E+018
         319  0.77866703302205431        8.2027618314639002E+018
         320  0.78367006598899935        8.1396161022878003E+018
         321  0.78865325264797215        8.0767208555960996E+018
         322  0.79361809301611730        8.0140571771845007E+018
         323  0.79856129403891452        7.9516666278165002E+018
         324  0.80343576987264942        7.8901434633027000E+018
         325  0.80825302416917622        7.8293425365080996E+018
         326  0.81300264312889448        7.7693952732049992E+018
         327  0.81761191134754052        7.7112194360234004E+018
         328  0.82199143673010433        7.6559432960157993E+018
         329  0.82608840139655493        7.6042335022533007E+018
         330  0.82975723943113355        7.5579273109430999E+018
         331  0.83263787965132441        7.5215693239588004E+018
         332  0.83462683225303180        7.4964657753619005E+018
         333  0.83591138352479100        7.4802528403823995E+018
         334  0.83675429684807690        7.4696140061543997E+018
         335  0.83737798034762245        7.4617421992098007E+018
         336  0.83775480473998620        7.4569861152559002E+018
         337  0.83803178690025926        7.4534901788943002E+018
         338  0.83824397569699594        7.4508120429618995E+018
         339  0.83841074530990289        7.4487071570745999E+018
         340  0.83854777575838690        7.4469776162691994E+018
         341  0.83866015333077770        7.4455592673150996E+018
         342  0.83875565765789784        7.4443538609280000E+018
         343  0.83883858316612925        7.4433071968237005E+018
         344  0.83890909102307765        7.4424172916251996E+018
         345  0.83897251600471612        7.4416167826373007E+018
         346  0.83903159610544897        7.4408711050081004E+018
         347  0.83908141736048791        7.4402422843456000E+018
         348  0.83913065932472553        7.4396207841473004E+018
         349  0.83917269879343515        7.4390901586770002E+018
         350  0.83921474114735606        7.4385595332067000E+018
         351  0.83925215820734245        7.4380872911430001E+018
         352  0.83928828069767547        7.4376313668627999E+018
         353  0.83932386343902476        7.4371822401565000E+018
         354  0.83935581892270417        7.4367789294589000E+018
         355  0.83938777501469075        7.4363756007306004E+018
         356  0.83941941287792909        7.4359762567870003E+018
         357  0.83944896236709665        7.4356033278188995E+018
         358  0.83947851054389888        7.4352303808201001E+018
         359  0.83950805924073213        7.4348574157906002E+018
         360  0.83953703670967650        7.4344916810717993E+018
         361  0.83956594320901279        7.4341268478880000E+018
         362  0.83959485020598723        7.4337619966735002E+018
         363  0.83962440278286454        7.4333889955825992E+018
         364  0.83965443236960036        7.4330099722379008E+018
         365  0.83968446249333839        7.4326309488932004E+018
         366  0.83971560378200061        7.4322379156946002E+018
         367  0.83974851975486420        7.4318224523052001E+018
         368  0.83978143637285096        7.4314069889158001E+018
         369  0.83981655303065295        7.4309637762791004E+018
         370  0.83985411180518910        7.4304897131146998E+018
         371  0.83989167325248160        7.4300156499503002E+018
         372  0.83993512482822463        7.4294672101484001E+018
         373  0.83997907427286078        7.4289125136935997E+018
         374  0.84002904646507015        7.4282817817769001E+018
         375  0.84008111539717201        7.4276245988233001E+018
         376  0.84014204753713173        7.4268555534069002E+018
         377  0.84020801967007552        7.4260228776502006E+018
         378  0.84028208122773218        7.4250881301007995E+018
         379  0.84036870134838748        7.4239948386063002E+018
         380  0.84046928463251214        7.4227253330806999E+018
         381  0.84059042196504996        7.4211964018435000E+018
         382  0.84073566991829762        7.4193631484516997E+018
         383  0.84091640385126332        7.4170820305025997E+018
         384  0.84114617030168548        7.4141820087760005E+018
         385  0.84145182036464894        7.4103242503574999E+018
         386  0.84187227275948839        7.4050175268563005E+018
         387  0.84262967079580153        7.3954580463917005E+018
         388  0.84351941611846315        7.3842281117256008E+018
         389  0.84499338233456667        7.3656244862331003E+018
         390  0.84730842713924204        7.3364051599006996E+018
         391  0.85032269673767802        7.2983605992690995E+018
         392  0.85390282925380234        7.2531739701832991E+018
         393  0.85797876573933052        7.2017295883247995E+018
         394  0.86222465230251777        7.1481401842407997E+018
         395  0.86657825991883353        7.0931911571925996E+018
         396  0.87100999235686383        7.0372561032842004E+018
         397  0.87544449481534414        6.9812860698178007E+018
         398  0.87987966874949419        6.9253075619224003E+018
         399  0.88424660701139113        6.8701902904125000E+018
         400  0.88853850094873288        6.8160201896042998E+018
         401  0.89275360150325778        6.7628193471053005E+018
         402  0.89667601582628675        6.7133126344222996E+018
         403  0.90033745541121046        6.6670998241074002E+018
         404  0.90363929532831355        6.6254256655350999E+018
         405  0.90605763343313639        6.5949026294392003E+018
         406  0.90798028868272007        6.5706358675986002E+018
         407  0.90915889368309766        6.5557601073618002E+018
         408  0.90993531755246881        6.5459604940346010E+018
         409  0.91047537101656562        6.5391442042680003E+018
         410  0.91084326494958823        6.5345008482505001E+018
         411  0.91112087929236352        6.5309969423195003E+018
         412  0.91134228371340009        6.5282024723107000E+018
         413  0.91151875410111760        6.5259751760010998E+018
         414  0.91163818771285676        6.5244677373582991E+018
         415  0.91175762723888010        6.5229602085619999E+018
         416  0.91187707649850258        6.5214525896121999E+018
         417  0.91197253687449098        6.5202477421768008E+018
         418  0.91204220536114400        6.5193684209991997E+018
         419  0.91211187650879422        6.5184890817908992E+018
         420  0.91216620794534919        6.5178033201778002E+018
         421  0.91221946746527616        6.5171310996204001E+018
         422  0.91226421071330421        6.5165663961270999E+018
         423  0.91230727972863290        6.5160227885528003E+018
         424  0.91234843177960101        6.5155033962086001E+018
         425  0.91238351739640999        6.5150605622166006E+018
         426  0.91241860368783889        6.5146177101938995E+018
         427  0.91245337925075365        6.5141788068944998E+018
         428  0.91248271060247299        6.5138085825313997E+018
         429  0.91251204433613142        6.5134383581682995E+018
         430  0.91254137663073986        6.5130681338052004E+018
         431  0.91256985919273026        6.5127086557393009E+018
         432  0.91259568264558766        6.5123827147754004E+018
         433  0.91262150837443401        6.5120567557807995E+018
         434  0.91264733446869906        6.5117307967862006E+018
         435  0.91267315901770396        6.5114048377915996E+018
         436  0.91269784133047527        6.5110933213877002E+018
         437  0.91272241315464464        6.5107831753169992E+018
         438  0.91274698722032899        6.5104730292463002E+018
         439  0.91277156161682416        6.5101628651449006E+018
         440  0.91279649939755325        6.5098481032150006E+018
         441  0.91282207955920391        6.5095252455008000E+018
         442  0.91284766007927831        6.5092023877865994E+018
         443  0.91287324095777600        6.5088795300723999E+018
         444  0.91289882219469731        6.5085566543274998E+018
         445  0.91292763710601099        6.5081929570777999E+018
         446  0.91295647731475360        6.5078289352754995E+018
         447  0.91298531989003850        6.5074649134731991E+018
         448  0.91301479356274184        6.5070929040708004E+018
         449  0.91304914093853040        6.5066593919506995E+018
         450  0.91308348896037639        6.5062258798305997E+018
         451  0.91311783762828003        6.5057923496798003E+018
         452  0.91315882448222041        6.5052750308660992E+018
         453  0.91320090547978072        6.5047439185668997E+018
         454  0.91324498281906752        6.5041875813184000E+018
         455  0.91329699705309020        6.5035311015620997E+018
         456  0.91334962632329297        6.5028668325433999E+018
         457  0.91341374682149779        6.5020575426046003E+018
         458  0.91348222975434545        6.5011931688772997E+018
         459  0.91356059250242783        6.5002041128595005E+018
         460  0.91365330971917103        6.4990338843680993E+018
         461  0.91376082713059081        6.4976768758553999E+018
         462  0.91388832490175409        6.4960676539110994E+018
         463  0.91404481898297574        6.4940924448181996E+018
         464  0.91423847856712692        6.4916481850954998E+018
         465  0.91448904933726716        6.4884856003154995E+018
         466  0.91481935849991480        6.4843166320149996E+018
         467  0.91527353339990258        6.4785842577789000E+018
         468  0.91592201672726981        6.4703994198515999E+018
         469  0.91688808552110934        6.4582061950380001E+018
         470  0.91855181743498815        6.4372074074189005E+018
         471  0.92062651384923688        6.4110216742386995E+018
         472  0.92338238671758288        6.3762384345003008E+018
         473  0.92672663234495067        6.3340290706599004E+018
         474  0.93033761994065167        6.2884530325462006E+018
         475  0.93409462570123258        6.2410340224934001E+018
         476  0.93796966665293235        6.1921252258531000E+018
         477  0.94182559200136817        6.1434576980094996E+018
         478  0.94564287545795722        6.0952779006008996E+018
         479  0.94928495872787821        6.0493093882403000E+018
         480  0.95282628626231691        6.0046125631200000E+018
         481  0.95586129338029124        5.9663062508164997E+018
         482  0.95844661359421979        5.9336756602896998E+018
         483  0.96060797117763452        5.9063961127247002E+018
         484  0.96197805962625915        5.8891035535212995E+018
         485  0.96291744082681074        5.8772471421836995E+018
         486  0.96355204723119692        5.8692374544761999E+018
         487  0.96402312885177210        5.8632917229670001E+018
         488  0.96432846614117096        5.8594379132717998E+018
         489  0.96460938049063705        5.8558923564238008E+018
         490  0.96476984023992030        5.8538670941077002E+018
         491  0.96493031529869955        5.8518416695152998E+018
         492  0.96509080370268396        5.8498160826465997E+018
         493  0.96521442183897332        5.8482558320835000E+018
         494  0.96530255580353441        5.8471434460777001E+018
         495  0.96539062894384353        5.8460318353920000E+018
         496  0.96545639362787672        5.8452017740868004E+018
         497  0.96551801197743314        5.8444240559037000E+018
         498  0.96557136635070817        5.8437506453200998E+018
         499  0.96562183317382688        5.8431136928118999E+018
         500  0.96566476412679958        5.8425718342154998E+018
         501  0.96570769406868417        5.8420299936498002E+018
         502  0.96574456745050330        5.8415646032521001E+018
         503  0.96577909081932245        5.8411288733558999E+018
         504  0.96581361480519978        5.8406931254290002E+018
         505  0.96584469183394450        5.8403008675504998E+018
         506  0.96587284851361976        5.8399454824534999E+018
         507  0.96590100756931174        5.8395900973565000E+018
         508  0.96592916506983817        5.8392347122595000E+018
         509  0.96595455336421687        5.8389142526284001E+018
         510  0.96597840482673603        5.8386132300918999E+018
         511  0.96600225658372307        5.8383121895247002E+018
         512  0.96602610666944544        5.8380111489575004E+018
         513  0.96604986859053288        5.8377112262936996E+018
         514  0.96607148613809479        5.8374384037720003E+018
         515  0.96609310392752457        5.8371655632195994E+018
         516  0.96611471999299980        5.8368927226672005E+018
         517  0.96613633826614365        5.8366198640841001E+018
         518  0.96615795481528910        5.8363470235317002E+018
         519  0.96617942219872455        5.8360760762028001E+018
         520  0.96620088392292192        5.8358052190273997E+018
         521  0.96622234391954898        5.8355343438212997E+018
         522  0.96624380612044813        5.8352634686151997E+018
         523  0.96626526659373324        5.8349925934090998E+018
         524  0.96628835318610817        5.8347011992663992E+018
         525  0.96631173692374916        5.8344060727687997E+018
         526  0.96633511897827784        5.8341109643019008E+018
         527  0.96635850131569312        5.8338158378042993E+018
         528  0.96638248556100248        5.8335131203820001E+018
         529  0.96640985969692972        5.8331676161086003E+018
         530  0.96643723422055694        5.8328221118351995E+018
         531  0.96646460913188370        5.8324766075618007E+018
         532  0.96649282793367619        5.8321204291139994E+018
         533  0.96652625178124896        5.8316985828567992E+018
         534  0.96655967620675354        5.8312767185688996E+018
         535  0.96659309924388082        5.8308548542809999E+018
         536  0.96663343063533169        5.8303458115585997E+018
         537  0.96667494270337151        5.8298218754780006E+018
         538  0.96671856171557791        5.8292713260842004E+018
         539  0.96677017154192058        5.8286199309853000E+018
         540  0.96682276208398876        5.8279561848568996E+018
         541  0.96688644962517645        5.8271523401894994E+018
         542  0.96695514051846798        5.8262853520106998E+018
         543  0.96703285534305428        5.8253044819306998E+018
         544  0.96712558817179006        5.8241340551015997E+018
         545  0.96723292023480001        5.8227793725491999E+018
         546  0.96735968905998027        5.8211793462619003E+018
         547  0.96751600812717498        5.8192063910065009E+018
         548  0.96770730292476481        5.8167919360309002E+018
         549  0.96795270772220732        5.8136945682928005E+018
         550  0.96827268083984253        5.8096560521068001E+018
         551  0.96870567525317008        5.8041910010288998E+018
         552  0.96931208241986344        5.7965372393394002E+018
         553  0.97018505866107552        5.7855189850913004E+018
         554  0.97171138619082520        5.7662544623210004E+018
         555  0.97344630463413051        5.7443571868902001E+018
         556  0.97578741792250367        5.7148088543748997E+018
         557  0.97867678814009296        5.6783406998136003E+018
         558  0.98164783806971923        5.6408416399798006E+018
         559  0.98474349242425030        5.6017698703692001E+018
         560  0.98767419923527611        5.5647799794727004E+018
         561  0.99050230329459177        5.5290850895116001E+018
         562  0.99269312459553838        5.5014336587590994E+018
         563  0.99454184027235859        5.4781000938277007E+018
         564  0.99584131667555420        5.4616987740946002E+018
         565  0.99671142413759228        5.4507167254921001E+018
         566  0.99732516508168600        5.4429703941888000E+018
         567  0.99776906965242385        5.4373676606857001E+018
         568  0.99809957176584352        5.4331962402099999E+018
         569  0.99835191160897951        5.4300113334233999E+018
         570  0.99855158885388295        5.4274911103616000E+018
         571  0.99871511499773724        5.4254271541633004E+018
         572  0.99885009476071396        5.4237235234738002E+018
         573  0.99895861126388885        5.4223538754403994E+018
         574  0.99906148030819686        5.4210555207948001E+018
         575  0.99913752604556905        5.4200957105724006E+018
         576  0.99921357267781075        5.4191358823193006E+018
         577  0.99927785641993283        5.4183245188499999E+018
         578  0.99933202758405781        5.4176408127366994E+018
         579  0.99938620021646085        5.4169570705619999E+018
         580  0.99943919464771536        5.4162881856841001E+018
         581  0.99947680045234999        5.4158135455372995E+018
         582  0.99951440696446625        5.4153388873597993E+018
         583  0.99955201618361633        5.4148642291823002E+018
         584  0.99958962411073371        5.4143895710048000E+018
         585  0.99962637290582246        5.4139257132166001E+018
         586  0.99965286013175225        5.4135914240385997E+018
         587  0.99967934770859490        5.4132571168298998E+018
         588  0.99970583563635051        5.4129227915904993E+018
         589  0.99973232391501943        5.4125884843818004E+018
         590  0.99975881254460119        5.4122541591424000E+018
         591  0.99978529952531070        5.4119198339029996E+018
         592  0.99981178885669197        5.4115854906328996E+018
         593  0.99983276899213724        5.4113206917727007E+018
         594  0.99985367335326369        5.4110568665703004E+018
         595  0.99987457593304574        5.4107930413679002E+018
         596  0.99989547873131668        5.4105291981348004E+018
         597  0.99991638374799263        5.4102653729324001E+018
         598  0.99993728698326145        5.4100015296993004E+018
         599  0.99995819043701906        5.4097376864662006E+018
         600  0.99997909610924418        5.4094738432330998E+018
         601   1.0000000000000000        5.4092100000000000E+018