   2.2426152e+19
   2.2183155e+19
   2.2088282e+19
   2.2090401e+19
   2.2150120e+19
   2.2237959e+19
   2.2332700e+19
   2.2419923e+19
   2.2490704e+19
   2.2540466e+19
   2.2567973e+19
   2.2574459e+19
   2.2562884e+19
   2.2537294e+19
   2.2502295e+19
   2.2462616e+19
   2.2422767e+19
   2.2386763e+19
   2.2357932e+19
   2.2338775e+19
   2.2330891e+19
   2.2334943e+19
   2.2350668e+19
   2.2376928e+19
   2.2411784e+19
   2.2452595e+19
   2.2496139e+19
   2.2538747e+19
   2.2576443e+19
   2.2605090e+19
   2.2620537e+19
   2.2618768e+19
   2.2596030e+19
   2.2548972e+19
   2.2474753e+19
   2.2371145e+19
   2.2236622e+19
   2.2070422e+19
   2.1872594e+19
   2.1644030e+19
   2.1386460e+19
   2.1102444e+19
   2.0795328e+19
   2.0469183e+19
   2.0128728e+19
   1.9779220e+19
   1.9426341e+19
   1.9076055e+19
   1.8734457e+19
   1.8407604e+19
   1.8101338e+19
   1.7821103e+19
   1.7571754e+19
   1.7357365e+19
   1.7181042e+19
   1.7044746e+19
   1.6949120e+19
   1.6893338e+19
   1.6874975e+19
   1.6889904e+19
   1.6932226e+19
   1.6994241e+19
   1.7066459e+19
   1.7137673e+19
   1.7195082e+19
   1.7224493e+19
   1.7210585e+19
   1.7137266e+19
   1.6988120e+19
   1.6746951e+19
   1.6398442e+19
   1.5928929e+19
   1.5327308e+19
   1.4586077e+19
   1.3702533e+19
   1.2680125e+19
   1.1529981e+19
   1.0272618e+19
   8.9398459e+18
   7.5768798e+18
   6.2446718e+18
