           1   2.8524426942451799       0.69508525551352096     
           2   3.2893115109027744       0.99046436679850625     
           3   3.4452123706541986        1.2756617003492225     
           4   3.4677675816845439        1.5482246085442108     
           5   3.4181675434173608        1.8052146586304565     
           6   3.3211096742439334        2.0433882635999350     
           7   3.1992473110015127        2.2594893070473598     
           8   3.0675274287779541        2.4507097976862591     
           9   2.9374605026494254        2.6145160194209192     
          10   2.8206068143064265        2.7449715519722373     
          11   2.7216626392484504        2.8296454216841531     
          12   2.6434142928349273        2.8477052108306595     
          13   2.5850816077035947        2.7866122251530134     
          14   2.5410153760913499        2.6721893547765379     
          15   2.5053958619008232        2.5594843952721815     
          16   2.4756925053095045        2.5010323935888357     
          17   2.4524185291750920        2.4854627913161811     
          18   2.4347754965316293        2.4743940591298017     
          19   2.4212151226701422        2.4525445032444035     
          20   2.4113794534690931        2.4322847372239922     
          21   2.4053157137002246        2.4223968805985203     
          22   2.4026224588505127        2.4187785815897214     
          23   2.4025114227429110        2.4165100597768689     
          24   2.4044759725579592        2.4162347224613518     
          25   2.4084747964550979        2.4186924399434955     
          26   2.4142475863029089        2.4233384900437218     
          27   2.4213753320033118        2.4294942258832020     
          28   2.4295599011312068        2.4367414736700215     
          29   2.4386500508363191        2.4450223534134099     
          30   2.4487054536524808        2.4544533608066001     
          31   2.4597907774564676        2.4650247839546280     
          32   2.4717672940861308        2.4765388160491439     
          33   2.4844603655081912        2.4887139012267028     
          34   2.4977709103297201        2.5016353243820459     
          35   2.5116513465360102        2.5152660042784345     
          36   2.5260333963477404        2.5293761477905323     
          37   2.5408584553516365        2.5438991122580075     
          38   2.5561321091068443        2.5588516385662787     
          39   2.5718210728923436        2.5742439382714206     
          40   2.5876993850717938        2.5900013355201885     
          41   2.6034813363689011        2.6058974783368760     
          42   2.6192502302365508        2.6214327653472211     
          43   2.6354798469829928        2.6369689289943814     
          44   2.6524355567008659        2.6533978937761709     
          45   2.6699933349603437        2.6709539283813477     
          46   2.6879603989201426        2.6892730893606775     
          47   2.7060401071473992        2.7076161442736408     
          48   2.7239192322012591        2.7251937161229272     
          49   2.7415875075929446        2.7424254235283607     
          50   2.7593082558991937        2.7599432371529908     
          51   2.7772767420947404        2.7778852165812986     
          52   2.7955079628870827        2.7960091702994339     
          53   2.8138766430290252        2.8142133907733826     
          54   2.8322621583440895        2.8326573713077754     
          55   2.8507737266086393        2.8510310966200145     
          56   2.8694598673064720        2.8693741593082422     
          57   2.8881354143534441        2.8879810328260964     
          58   2.9068216746075541        2.9066061693351641     
          59   2.9256112110660233        2.9253343879550289     
          60   2.9443674965477773        2.9442707717379295     
          61   2.9631869325659852        2.9629595846130101     
          62   2.9821299511846484        2.9818141773241238     
          63   3.0008262506424184        3.0003421103099588     
          64   3.0192511798629158        3.0183153682797794     
          65   3.0378312049676559        3.0370107890639262     
          66   3.0567736911025603        3.0560077939485120     
          67   3.0764444600060723        3.0750280846062505     
          68   3.0970684875402874        3.0951866623548860     
          69   3.1179202658503131        3.1166999156308433     
          70   3.1378319320191519        3.1370136999067610     
          71   3.1566532922531865        3.1556309169393448     
          72   3.1756142004082144        3.1742211411449501     
          73   3.1956134915906431        3.1942855803004151     
          74   3.2157927476164461        3.2146771010888111     
          75   3.2353662737746838        3.2335073552571387     
          76   3.2546394248370945        3.2521746606620754     
          77   3.2739898211260301        3.2714025230590047     
          78   3.2938799489883479        3.2919697104852110     
          79   3.3144033521673797        3.3132165857809359     
          80   3.3348877020976633        3.3329354506926610     
          81   3.3550627299796636        3.3526532424983033     
          82   3.3752074967736090        3.3726924448580107     
          83   3.3954768002844027        3.3928453795693945     
          84   3.4158815359158710        3.4129556151428506     
          85   3.4364236142384192        3.4336179640881355     
          86   3.4570890668049503        3.4542040702463579     
          87   3.4778555078077824        3.4753530416535754     
          88   3.4986711525796830        3.4959856811806578     
          89   3.5195145712872673        3.5167425998111548     
          90   3.5404442233921802        3.5373593028318799     
          91   3.5615240711443406        3.5581542616931756     
          92   3.5827446580034832        3.5795432177299231     
          93   3.6040642582488380        3.6006953348808444     
          94   3.6254731722141522        3.6219748859546210     
          95   3.6469620980975788        3.6428590831045917     
          96   3.6685158603469743        3.6648011367022675     
          97   3.6901593062259153        3.6863102132011738     
          98   3.7119543516211224        3.7080507561645168     
          99   3.7339245555885143        3.7294962735543145     
         100   3.7560455602504730        3.7517668267981348     
         101   3.7782732273526221        3.7737311871721295     
         102   3.8005840052248092        3.7960918156264269     
         103   3.8229876025272649        3.8183377249088513     
         104   3.8455333992480538        3.8408039150162838     
         105   3.8682483420490166        3.8633330758363162     
         106   3.8911196131761656        3.8862904856493024     
         107   3.9141278823753938        3.9088382648203086     
         108   3.9372721575290881        3.9320609372900037     
         109   3.9605446519181822        3.9550144160712928     
         110   3.9839710273250795        3.9782366159276270     
         111   4.0075471282394872        4.0020966099155668     
         112   4.0312718212943279        4.0255056941293272     
         113   4.0551339119495564        4.0491919702288346     
         114   4.0791661506669277        4.0731629178610147     
         115   4.1034220320867041        4.0971796625510768     
         116   4.1279423816407048        4.1215721005050998     
         117   4.1526178041663293        4.1459435250999972     
         118   4.1772307003669242        4.1709095154661382     
         119   4.2018219394353524        4.1952509923787096     
         120   4.2270003337472044        4.2200423029607581     
         121   4.2533848201886917        4.2453321651567295     
         122   4.2798142022787768        4.2705561087242030     
         123   4.3037011494476696        4.2971965761815936     
         124   4.3252332465630010        4.3225263973723287     
         125   4.3512185403044690        4.3475351957521262     
         126   4.3924830158148094        4.3745030994015872     
         127   4.4529127794852572        4.4023255791481244     
         128   4.5291891281242345        4.4335531474424048     
         129   4.6233022677384392        4.5021663802767913     
