   5.47337358e+13
   5.43562740e+13
   5.39788122e+13
   5.35903145e+13
   5.30439283e+13
   5.23510072e+13
   5.16259220e+13
   5.07282696e+13
   4.98306172e+13
   4.89307859e+13
   4.78954655e+13
   4.68601452e+13
   4.58248248e+13
   4.47821877e+13
   4.37375431e+13
   4.26928985e+13
   4.16482540e+13
   4.06036094e+13
   3.96484063e+13
   3.87257978e+13
   3.78031894e+13
   3.69039925e+13
   3.61510362e+13
   3.53980799e+13
   3.46451237e+13
   3.39843314e+13
   3.34210428e+13
   3.28577541e+13
   3.22944655e+13
   3.18996355e+13
   3.15572345e+13
   3.12148335e+13
   3.08724326e+13
   3.05300316e+13
   3.01876306e+13
   2.98452296e+13
   2.95028287e+13
   2.91580179e+13
   2.86721903e+13
   2.81863627e+13
   2.77005351e+13
   2.72147074e+13
   2.67288798e+13
   2.56384875e+13
   2.45134443e+13
   2.33188745e+13
   2.15168066e+13
   1.90046500e+13
   1.64306199e+13
   1.31231726e+13
   9.48848782e+12