	5.50740e-01
	5.50383e-01
	5.50026e-01
	5.49669e-01
	5.49312e-01
	5.48955e-01
	5.48598e-01
	5.48240e-01
	5.47883e-01
	5.47526e-01
	5.47169e-01
	5.46827e-01
	5.46513e-01
	5.46197e-01
	5.45844e-01
	5.45421e-01
	5.44873e-01
	5.44141e-01
	5.43278e-01
	5.42345e-01
	5.41401e-01
	5.40479e-01
	5.39512e-01
	5.38508e-01
	5.37488e-01
	5.36471e-01
	5.35476e-01
	5.34489e-01
	5.33504e-01
	5.32514e-01
	5.31515e-01
	5.30504e-01
	5.29502e-01
	5.28498e-01
	5.27469e-01
	5.26394e-01
	5.25252e-01
	5.24019e-01
	5.22717e-01
	5.21376e-01
	5.20028e-01
	5.18702e-01
	5.17382e-01
	5.16057e-01
	5.14728e-01
	5.13399e-01
	5.12072e-01
	5.10748e-01
	5.09427e-01
	5.08104e-01
	5.06777e-01
	5.05444e-01
	5.04106e-01
	5.02766e-01
	5.01420e-01
	5.00066e-01
	4.98702e-01
	4.97324e-01
	4.95933e-01
	4.94533e-01
	4.93131e-01
	4.91732e-01
	4.90337e-01
	4.88942e-01
	4.87548e-01
	4.86153e-01
	4.84759e-01
	4.83364e-01
	4.81969e-01
	4.80575e-01
	4.79180e-01
	4.77786e-01
	4.76391e-01
	4.74995e-01
	4.73599e-01
	4.72203e-01
	4.70811e-01
	4.69418e-01
	4.68012e-01
	4.66605e-01
	4.65213e-01
	4.63851e-01
	4.62536e-01
	4.61266e-01
	4.60027e-01
	4.58803e-01
	4.57579e-01
	4.56341e-01
	4.55098e-01
	4.53854e-01
	4.52611e-01
	4.51367e-01
	4.50124e-01
	4.48870e-01
	4.47610e-01
	4.46357e-01
	4.45120e-01
	4.43912e-01
	4.42724e-01
	4.41552e-01
	4.40399e-01
	4.39272e-01
	4.38175e-01
	4.37117e-01
	4.36093e-01
	4.35088e-01
	4.34090e-01
	4.33082e-01
	4.32064e-01
	4.31045e-01
	4.30027e-01
	4.29008e-01
	4.27990e-01
	4.26960e-01
	4.25909e-01
	4.24860e-01
	4.23839e-01
	4.22869e-01
	4.21967e-01
	4.21114e-01
	4.20295e-01
	4.19496e-01
	4.18702e-01
	4.17906e-01
	4.17122e-01
	4.16347e-01
	4.15578e-01
	4.14807e-01
	4.14030e-01
	4.13247e-01
	4.12464e-01
	4.11685e-01
	4.10913e-01
	4.10151e-01
	4.09380e-01
	4.08611e-01
	4.07862e-01
	4.07149e-01
	4.06490e-01
	4.05884e-01
	4.05313e-01
	4.04760e-01
	4.04209e-01
	4.03644e-01
	4.03070e-01
	4.02497e-01
	4.01924e-01
	4.01351e-01
	4.00777e-01
	4.00204e-01
	3.99630e-01
	3.99056e-01
	3.98483e-01
	3.97911e-01
	3.97335e-01
	3.96754e-01
	3.96176e-01
	3.95609e-01
	3.95062e-01
	3.94538e-01
	3.94033e-01
	3.93539e-01
	3.93049e-01
	3.92555e-01
	3.92055e-01
	3.91554e-01
	3.91054e-01
	3.90553e-01
	3.90052e-01
	3.89552e-01
	3.89051e-01
	3.88551e-01
	3.88050e-01
	3.87549e-01
	3.87053e-01
	3.86571e-01
	3.86091e-01
	3.85597e-01
	3.85074e-01
	3.84504e-01
	3.83879e-01
	3.83215e-01
	3.82532e-01
	3.81848e-01
	3.81180e-01
	3.80512e-01
	3.79842e-01
	3.79170e-01
	3.78498e-01
	3.77828e-01
	3.77158e-01
	3.76488e-01
	3.75818e-01
	3.75148e-01
	3.74479e-01
	3.73839e-01
	3.73216e-01
	3.72576e-01
	3.71886e-01
	3.71112e-01
	3.70212e-01
	3.69200e-01
	3.68116e-01
	3.67003e-01
	3.65901e-01
	3.64801e-01
	3.63674e-01
	3.62532e-01
	3.61385e-01
	3.60245e-01
	3.59125e-01
	3.58021e-01
	3.56912e-01
	3.55780e-01
	3.54605e-01
	3.53392e-01
	3.52164e-01
	3.50894e-01
	3.49556e-01
	3.48120e-01
	3.46553e-01
	3.44839e-01
	3.43004e-01
	3.41078e-01
	3.39091e-01
	3.37076e-01
	3.35042e-01
	3.32928e-01
	3.30672e-01
	3.28207e-01
	3.25482e-01
	3.22505e-01
	3.19233e-01
	3.15611e-01
	3.11584e-01
	3.07086e-01
	3.01949e-01
	2.96101e-01
	2.89496e-01
	2.82091e-01
	2.73769e-01
	2.63542e-01
	2.51536e-01
	2.38311e-01
	2.24428e-01
	2.10341e-01
	1.93621e-01
	1.74880e-01
	1.56613e-01
	1.41313e-01
	1.31436e-01
	1.24598e-01
	1.18470e-01
	1.13518e-01
	1.10205e-01
	1.08998e-01
