   0.000005196841410   1.000000000000000
   0.005196841410000   0.999981095000000
   0.010391148000000   0.999924417000000
   0.015583093700000   0.999830017000000
   0.020772661900000   0.999697948000000
   0.025959553100000   0.999528271000000
   0.031144269900000   0.999321024000000
   0.036326975000000   0.999076246000000
   0.041507752800000   0.998793975000000
   0.046686414700000   0.998474265000000
   0.051863200800000   0.998117146000000
   0.057038064300000   0.997722661000000
   0.062210803600000   0.997290871000000
   0.067380842400000   0.996821875000000
   0.072548064100000   0.996315745000000
   0.077712318000000   0.995772557000000
   0.082873368300000   0.995192403000000
   0.088030727300000   0.994575414000000
   0.093184389900000   0.993921669000000
   0.098334680300000   0.993231203000000
   0.103481810000000   0.992504060000000
   0.108625888000000   0.991740292000000
   0.113767019000000   0.990939946000000
   0.118905582000000   0.990103024000000
   0.124041541000000   0.989229587000000
   0.129174694000000   0.988319729000000
   0.134304282000000   0.987373652000000
   0.139430407000000   0.986391413000000
   0.144552803000000   0.985373141000000
   0.149671296000000   0.984318952000000
   0.154785382000000   0.983229040000000
   0.159895397000000   0.982103423000000
   0.165001582000000   0.980942135000000
   0.170104023000000   0.979745235000000
   0.175202634000000   0.978512826000000
   0.180297300000000   0.977245018000000
   0.185388475000000   0.975941779000000
   0.190476232000000   0.974603164000000
   0.195560666000000   0.973229218000000
   0.200641525000000   0.971820085000000
   0.205719324000000   0.970375692000000
   0.210794336000000   0.968896024000000
   0.215866720000000   0.967381091000000
   0.220936487000000   0.965830948000000
   0.226003468000000   0.964245703000000
   0.231067878000000   0.962625345000000
   0.236129620000000   0.960969962000000
   0.241188583000000   0.959279647000000
   0.246244395000000   0.957554589000000
   0.251297138000000   0.955794824000000
   0.256347001000000   0.954000351000000
   0.261394066000000   0.952171200000000
   0.266438444000000   0.950307389000000
   0.271479867000000   0.948409077000000
   0.276518712000000   0.946476181000000
   0.281554945000000   0.944508769000000
   0.286588461000000   0.942506938000000
   0.291619050000000   0.940470831000000
   0.296646338000000   0.938400665000000
   0.301670615000000   0.936296388000000
   0.306691890000000   0.934158059000000
   0.311710218000000   0.931985718000000
   0.316725517000000   0.929779463000000
   0.321737771000000   0.927539365000000
   0.326747235000000   0.925265371000000
   0.331753830000000   0.922957578000000
   0.336757396000000   0.920616120000000
   0.341757466000000   0.918241284000000
   0.346753800000000   0.915833262000000
   0.351746445000000   0.913392107000000
   0.356735265000000   0.910917966000000
   0.361720156000000   0.908410970000000
   0.366700692000000   0.905871422000000
   0.371676823000000   0.903299437000000
   0.376648593000000   0.900695086000000
   0.381615696000000   0.898058623000000
   0.386577685000000   0.895390386000000
   0.391533410000000   0.892691112000000
   0.396482051000000   0.889961388000000
   0.401422914000000   0.887201751000000
   0.406354679000000   0.884413113000000
   0.411275614000000   0.881596659000000
   0.416182069000000   0.878754740000000
   0.421070031000000   0.875890021000000
   0.425934818000000   0.873005671000000
   0.430767917000000   0.870107301000000
   0.435555821000000   0.867203789000000
   0.440266409000000   0.864315842000000
   0.444848366000000   0.861476952000000
   0.449213629000000   0.858744981000000
   0.453189832000000   0.856233283000000
   0.456354409000000   0.854218457000000
   0.458540581000000   0.852818375000000
   0.459742517000000   0.852045772000000
   0.460462274000000   0.851582146000000
   0.460884828000000   0.851309623000000
   0.461165396000000   0.851128534000000
   0.461365082000000   0.850999583000000
   0.461515336000000   0.850902516000000
   0.461632430000000   0.850826850000000
   0.461728547000000   0.850764724000000
   0.461807657000000   0.850713582000000
   0.461875934000000   0.850669435000000
   0.461935991000000   0.850630598000000
   0.461989997000000   0.850595670000000
   0.462038153000000   0.850564521000000
   0.462082764000000   0.850535664000000
   0.462125260000000   0.850508171000000
   0.462164922000000   0.850482509000000
   0.462203406000000   0.850457608000000
   0.462240924000000   0.850433330000000
   0.462277851000000   0.850409432000000
   0.462314650000000   0.850385615000000
   0.462352106000000   0.850361371000000
   0.462390135000000   0.850336754000000
   0.462429672000000   0.850311159000000
   0.462471537000000   0.850284054000000
   0.462514836000000   0.850256018000000
   0.462565295000000   0.850223344000000
   0.462616473000000   0.850190199000000
   0.462675449000000   0.850152000000000
   0.462740598000000   0.850109798000000
   0.462818952000000   0.850059032000000
   0.462908981000000   0.850000693000000
   0.463019761000000   0.849928891000000
   0.463161802000000   0.849836802000000
   0.463346192000000   0.849717215000000
   0.463602660000000   0.849550801000000
   0.463984196000000   0.849303066000000
   0.464591307000000   0.848908442000000
   0.465683328000000   0.848197327000000
   0.467527521000000   0.846992612000000
   0.470499903000000   0.845040889000000
   0.474272195000000   0.842546119000000
   0.478503014000000   0.839724406000000
   0.482986590000000   0.836706768000000
   0.487605658000000   0.833568506000000
   0.492289107000000   0.830356005000000
   0.497009683000000   0.827086962000000
   0.501751317000000   0.823771931000000
   0.506504006000000   0.820417584000000
   0.511261201000000   0.817028389000000
   0.516017827000000   0.813607922000000
   0.520770847000000   0.810158408000000
   0.525518054000000   0.806681543000000
   0.530257733000000   0.803178716000000
   0.534988510000000   0.799651106000000
   0.539708966000000   0.796099962000000
   0.544417418000000   0.792526773000000
   0.549113943000000   0.788931714000000
   0.553797848000000   0.785315561000000
   0.558468511000000   0.781679046000000
   0.563125368000000   0.778022874000000
   0.567767902000000   0.774347726000000
   0.572395637000000   0.770654264000000
   0.577007621000000   0.766943544000000
   0.581603000000000   0.763216565000000
   0.586182292000000   0.759473224000000
   0.590745130000000   0.755714134000000
   0.595291160000000   0.751939904000000
   0.599820047000000   0.748151138000000
   0.604331466000000   0.744348436000000
   0.608825107000000   0.740532393000000
   0.613300671000000   0.736703601000000
   0.617757872000000   0.732862649000000
   0.622196429000000   0.729010123000000
   0.626616073000000   0.725146608000000
   0.631015567000000   0.721273548000000
   0.635395610000000   0.717390693000000
   0.639756030000000   0.713498556000000
   0.644096593000000   0.709597705000000
   0.648417074000000   0.705688709000000
   0.652717253000000   0.701772132000000
   0.656996911000000   0.697848541000000
   0.661255836000000   0.693918504000000
   0.665493817000000   0.689982586000000
   0.669710645000000   0.686041357000000
   0.673906108000000   0.682095390000000
   0.678079992000000   0.678145267000000
   0.682232078000000   0.674191574000000
   0.686362137000000   0.670234912000000
   0.690469925000000   0.666275898000000
   0.694555177000000   0.662315174000000
   0.698617606000000   0.658353409000000
   0.702656882000000   0.654391314000000
   0.706672628000000   0.650429658000000
   0.710664395000000   0.646469282000000
   0.714631644000000   0.642511129000000
   0.718573708000000   0.638556278000000
   0.722489739000000   0.634606004000000
   0.726378643000000   0.630661847000000
   0.730238981000000   0.626725721000000
   0.734068794000000   0.622800103000000
   0.737863027000000   0.618890708000000
   0.741618718000000   0.615001174000000
   0.745329675000000   0.611138573000000
   0.748985580000000   0.607314421000000
   0.752569650000000   0.603547245000000
   0.756052415000000   0.599869323000000
   0.759382716000000   0.596336524000000
   0.762466335000000   0.593051562000000
   0.765154566000000   0.590176944000000
   0.767263802000000   0.587914381000000
   0.768719242000000   0.586349509000000
   0.769600958000000   0.585400056000000
   0.770165529000000   0.584791541000000
   0.770521756000000   0.584407356000000
   0.770769606000000   0.584139950000000
   0.770950484000000   0.583944746000000
   0.771088780000000   0.583795465000000
   0.771197898000000   0.583677661000000
   0.771286706000000   0.583581772000000
   0.771360681000000   0.583501890000000
   0.771423857000000   0.583433663000000
   0.771477933000000   0.583375260000000
   0.771525759000000   0.583323602000000
   0.771568249000000   0.583277706000000
   0.771606128000000   0.583236788000000
   0.771641058000000   0.583199054000000
   0.771673915000000   0.583163558000000
   0.771703344000000   0.583131764000000
   0.771731770000000   0.583101052000000
   0.771758333000000   0.583072352000000
   0.771783912000000   0.583044715000000
   0.771808359000000   0.583018300000000
   0.771832237000000   0.582992498000000
   0.771855321000000   0.582967554000000
   0.771878253000000   0.582942774000000
   0.771900727000000   0.582918487000000
   0.771923204000000   0.582894197000000
   0.771945823000000   0.582869753000000
   0.771968442000000   0.582845307000000
   0.771991787000000   0.582820077000000
   0.772015305000000   0.582794658000000
   0.772039943000000   0.582768028000000
   0.772065114000000   0.582740822000000
   0.772091940000000   0.582711826000000
   0.772119513000000   0.582682020000000
   0.772149837000000   0.582649240000000
   0.772181510000000   0.582615001000000
   0.772216128000000   0.582577576000000
   0.772254439000000   0.582536157000000
   0.772296488000000   0.582490694000000
   0.772343536000000   0.582439824000000
   0.772397048000000   0.582381960000000
   0.772458636000000   0.582315359000000
   0.772536349000000   0.582231313000000
   0.772618671000000   0.582142272000000
   0.772740946000000   0.582010001000000
   0.772863401000000   0.581877514000000
   0.773051022000000   0.581674482000000
   0.773292888000000   0.581412676000000
   0.773635330000000   0.581041863000000
   0.774159458000000   0.580473994000000
   0.774999831000000   0.579562683000000
   0.776382310000000   0.578061356000000
   0.778358860000000   0.575910239000000
   0.780916672000000   0.573118406000000
   0.783853106000000   0.569902016000000
   0.787004933000000   0.566436265000000
   0.790273745000000   0.562827185000000
   0.793606396000000   0.559132222000000
   0.796972255000000   0.555384657000000
   0.800353468000000   0.551604029000000
   0.803738677000000   0.547802897000000
   0.807119065000000   0.543991170000000
   0.810490655000000   0.540173429000000
   0.813850833000000   0.536352775000000
   0.817197645000000   0.532531607000000
   0.820529608000000   0.528711814000000
   0.823842981000000   0.524897920000000
   0.827136107000000   0.521092102000000
   0.830410650000000   0.517292707000000
   0.833665943000000   0.513500766000000
   0.836901336000000   0.509717308000000
   0.840112879000000   0.505947246000000
   0.843297341000000   0.502194717000000
   0.846457756000000   0.498456487000000
   0.849592595000000   0.494734696000000
   0.852700168000000   0.491031696000000
   0.855765976000000   0.487365216000000
   0.858789872000000   0.483735969000000
   0.861766536000000   0.480150906000000
   0.864685720000000   0.476623024000000
   0.867515819000000   0.473191413000000
   0.870194295000000   0.469933322000000
   0.872674062000000   0.466907988000000
   0.874867369000000   0.464224960000000
   0.876636653000000   0.462055725000000
   0.877936475000000   0.460459282000000
   0.878777724000000   0.459424798000000
   0.879323230000000   0.458753460000000
   0.879656861000000   0.458342665000000
   0.879946860000000   0.457985467000000
   0.880136970000000   0.457751240000000
   0.880278450000000   0.457576896000000
   0.880390348000000   0.457438984000000
   0.880480747000000   0.457327557000000
   0.880555257000000   0.457235707000000
   0.880618901000000   0.457157246000000
   0.880673024000000   0.457090517000000
   0.880720148000000   0.457032415000000
   0.880761957000000   0.456980863000000
   0.880799089000000   0.456935075000000
   0.880832116000000   0.456894349000000
   0.880862598000000   0.456856758000000
   0.880891007000000   0.456821723000000
   0.880916263000000   0.456790576000000
   0.880940923000000   0.456760163000000
   0.880962897000000   0.456733061000000
   0.880984813000000   0.456706032000000
   0.881004437000000   0.456681827000000
   0.881024062000000   0.456657622000000
   0.881042413000000   0.456634987000000
   0.881060269000000   0.456612961000000
   0.881077904000000   0.456591209000000
   0.881094577000000   0.456570643000000
   0.881111249000000   0.456550077000000
   0.881127637000000   0.456529861000000
   0.881143711000000   0.456510032000000
   0.881159785000000   0.456490203000000
   0.881175850000000   0.456470385000000
   0.881191911000000   0.456450572000000
   0.881207971000000   0.456430758000000
   0.881224515000000   0.456410347000000
   0.881241148000000   0.456389827000000
   0.881257927000000   0.456369127000000
   0.881275717000000   0.456347178000000
   0.881293507000000   0.456325228000000
   0.881312312000000   0.456302026000000
   0.881331843000000   0.456277928000000
   0.881351994000000   0.456253064000000
   0.881373845000000   0.456226101000000
   0.881396270000000   0.456198431000000
   0.881421021000000   0.456167888000000
   0.881447058000000   0.456135758000000
   0.881475284000000   0.456100927000000
   0.881506614000000   0.456062263000000
   0.881540571000000   0.456020355000000
   0.881578173000000   0.455973948000000
   0.881620588000000   0.455921597000000
   0.881669096000000   0.455861723000000
   0.881725049000000   0.455792657000000
   0.881789846000000   0.455712667000000
   0.881867257000000   0.455617099000000
   0.881960737000000   0.455501680000000
   0.882076363000000   0.455358903000000
   0.882224076000000   0.455176475000000
   0.882417834000000   0.454937136000000
   0.882699223000000   0.454589457000000
   0.883110645000000   0.454080912000000
   0.883667863000000   0.453391775000000
   0.884526723000000   0.452328733000000
   0.885836461000000   0.450705635000000
   0.887619151000000   0.448492570000000
   0.889773622000000   0.445812031000000
   0.892159112000000   0.442836484000000
   0.894697904000000   0.439660962000000
   0.897347305000000   0.436337470000000
   0.900037818000000   0.432952349000000
   0.902749833000000   0.429529918000000
   0.905474955000000   0.426080574000000
   0.908199697000000   0.422621317000000
   0.910917882000000   0.419160028000000
   0.913628287000000   0.415698348000000
   0.916316933000000   0.412254294000000
   0.918986844000000   0.408824227000000
   0.921638553000000   0.405407664000000
   0.924252675000000   0.402029895000000
   0.926829203000000   0.398691340000000
   0.929370853000000   0.395388872000000
   0.931839840000000   0.392172158000000
   0.934215097000000   0.389069507000000
   0.936493019000000   0.386086578000000
   0.938588082000000   0.383336688000000
   0.940377137000000   0.380983588000000
   0.941841351000000   0.379054409000000
   0.942968427000000   0.377567381000000
   0.943708566000000   0.376589900000000
   0.944205369000000   0.375933355000000
   0.944517353000000   0.375520879000000
   0.944791808000000   0.375157908000000
   0.944973771000000   0.374917200000000
   0.945119732000000   0.374724084000000
   0.945228689000000   0.374579908000000
   0.945317296000000   0.374462648000000
   0.945390851000000   0.374365297000000
   0.945452790000000   0.374283315000000
   0.945506216000000   0.374212597000000
   0.945552476000000   0.374151361000000
   0.945592883000000   0.374097870000000
   0.945628695000000   0.374050459000000
   0.945661081000000   0.374007583000000
   0.945691079000000   0.373967868000000
   0.945717005000000   0.373933543000000
   0.945741901000000   0.373900579000000
   0.945764264000000   0.373870970000000
   0.945785726000000   0.373842552000000
   0.945805064000000   0.373816947000000
   0.945824401000000   0.373791341000000
   0.945841271000000   0.373769004000000
   0.945858126000000   0.373746683000000
   0.945874299000000   0.373725267000000
   0.945889219000000   0.373705510000000
   0.945904139000000   0.373685752000000
   0.945918548000000   0.373666671000000
   0.945932079000000   0.373648751000000
   0.945945611000000   0.373630831000000
   0.945959078000000   0.373612996000000
   0.945971771000000   0.373596186000000
   0.945984465000000   0.373579375000000
   0.945997158000000   0.373562564000000
   0.946009687000000   0.373545970000000
   0.946022093000000   0.373529540000000
   0.946034499000000   0.373513109000000
   0.946046904000000   0.373496679000000
   0.946059567000000   0.373479907000000
   0.946072236000000   0.373463127000000
   0.946084904000000   0.373446348000000
   0.946097950000000   0.373429068000000
   0.946111432000000   0.373411211000000
   0.946124914000000   0.373393353000000
   0.946138614000000   0.373375206000000
   0.946153459000000   0.373355542000000
   0.946168303000000   0.373335879000000
   0.946183454000000   0.373315810000000
   0.946200208000000   0.373293616000000
   0.946216962000000   0.373271422000000
   0.946234949000000   0.373247595000000
   0.946254157000000   0.373222150000000
   0.946273915000000   0.373195974000000
   0.946296118000000   0.373166559000000
   0.946318951000000   0.373136310000000
   0.946344686000000   0.373102215000000
   0.946372241000000   0.373065707000000
   0.946402041000000   0.373026224000000
   0.946436218000000   0.372980940000000
   0.946473976000000   0.372930909000000
   0.946516469000000   0.372874602000000
   0.946564939000000   0.372810371000000
   0.946620687000000   0.372736492000000
   0.946686732000000   0.372648962000000
   0.946764764000000   0.372545537000000
   0.946860022000000   0.372419270000000
   0.946977736000000   0.372263217000000
   0.947127770000000   0.372064291000000
   0.947323957000000   0.371804125000000
   0.947602762000000   0.371434303000000
   0.948011144000000   0.370892409000000
   0.948534956000000   0.370197006000000
   0.949334804000000   0.369134401000000
   0.950506800000000   0.367575776000000
   0.952039568000000   0.365534463000000
   0.953875050000000   0.363085672000000
   0.955865802000000   0.360424398000000
   0.958000784000000   0.357564149000000
   0.960214935000000   0.354591095000000
   0.962454630000000   0.351576759000000
   0.964716317000000   0.348525700000000
   0.966969924000000   0.345478416000000
   0.969218431000000   0.342430943000000
   0.971421057000000   0.339438791000000
   0.973591555000000   0.336483638000000
   0.975708446000000   0.333595120000000
   0.977714840000000   0.330851584000000
   0.979648885000000   0.328201644000000
   0.981368417000000   0.325841221000000
   0.982873137000000   0.323772278000000
   0.984126558000000   0.322046443000000
   0.985091089000000   0.320716883000000
   0.985734641000000   0.319829053000000
   0.986196716000000   0.319191226000000
   0.986518913000000   0.318746305000000
   0.986762614000000   0.318409681000000
   0.986928942000000   0.318179884000000
   0.987075000000000   0.317978061000000
   0.987174737000000   0.317840227000000
   0.987274474000000   0.317702379000000
   0.987353364000000   0.317593334000000
   0.987410357000000   0.317514551000000
   0.987467350000000   0.317435763000000
   0.987522378000000   0.317359688000000
   0.987562652000000   0.317304005000000
   0.987597589000000   0.317255702000000
   0.987629229000000   0.317211954000000
   0.987658772000000   0.317171105000000
   0.987683930000000   0.317136318000000
   0.987708471000000   0.317102384000000
   0.987729722000000   0.317072998000000
   0.987750972000000   0.317043612000000
   0.987769051000000   0.317018611000000
   0.987786972000000   0.316993828000000
   0.987803966000000   0.316970327000000
   0.987819140000000   0.316949343000000
   0.987834313000000   0.316928359000000
   0.987848950000000   0.316908116000000
   0.987861963000000   0.316890119000000
   0.987874976000000   0.316872122000000
   0.987887989000000   0.316854124000000
   0.987899987000000   0.316837531000000
   0.987911430000000   0.316821704000000
   0.987922873000000   0.316805878000000
   0.987934316000000   0.316790050000000
   0.987945221000000   0.316774968000000
   0.987955687000000   0.316760492000000
   0.987966153000000   0.316746016000000
   0.987976620000000   0.316731540000000
   0.987987058000000   0.316717102000000
   0.987997141000000   0.316703155000000
   0.988007224000000   0.316689207000000
   0.988017308000000   0.316675260000000
   0.988027391000000   0.316661312000000
   0.988037565000000   0.316647239000000
   0.988047860000000   0.316632998000000
   0.988058155000000   0.316618757000000
   0.988068451000000   0.316604516000000
   0.988078746000000   0.316590274000000
   0.988089745000000   0.316575059000000
   0.988100846000000   0.316559702000000
   0.988111948000000   0.316544345000000
   0.988123049000000   0.316528988000000
   0.988135061000000   0.316512371000000
   0.988147560000000   0.316495080000000
   0.988160060000000   0.316477788000000
   0.988172559000000   0.316460495000000
   0.988186851000000   0.316440723000000
   0.988201338000000   0.316420680000000
   0.988215826000000   0.316400637000000
   0.988232029000000   0.316378220000000
   0.988249090000000   0.316354616000000
   0.988266151000000   0.316331011000000
   0.988286113000000   0.316303392000000
   0.988306329000000   0.316275421000000
   0.988328787000000   0.316244346000000
   0.988352733000000   0.316211213000000
   0.988379447000000   0.316174248000000
   0.988407691000000   0.316135165000000
   0.988440721000000   0.316089459000000
   0.988476903000000   0.316039389000000
   0.988517515000000   0.315983186000000
   0.988563918000000   0.315918966000000
   0.988617526000000   0.315844771000000
   0.988679773000000   0.315758614000000
   0.988753935000000   0.315655959000000
   0.988842923000000   0.315532771000000
   0.988952266000000   0.315381391000000
   0.989089136000000   0.315191877000000
   0.989264622000000   0.314948855000000
   0.989495696000000   0.314628787000000
   0.989807721000000   0.314196473000000
   0.990296078000000   0.313519575000000
   0.990903423000000   0.312677285000000
   0.991713613000000   0.311552876000000
   0.992724082000000   0.310149228000000
   0.993842995000000   0.308593271000000
   0.994998334000000   0.306984821000000
   0.996025410000000   0.305553368000000
   0.996888405000000   0.304349455000000
   0.997587979000000   0.303372756000000
   0.998060235000000   0.302713037000000
   0.998404396000000   0.302232063000000
   0.998657895000000   0.301877685000000
   0.998849687000000   0.301609512000000
   0.998998541000000   0.301401340000000
   0.999118258000000   0.301233895000000
   0.999213576000000   0.301100561000000
   0.999293076000000   0.300989343000000
   0.999361012000000   0.300894298000000
   0.999416468000000   0.300816707000000
   0.999465530000000   0.300748059000000
   0.999509787000000   0.300686130000000
   0.999546631000000   0.300634573000000
   0.999581188000000   0.300586214000000
   0.999612072000000   0.300542994000000
   0.999638472000000   0.300506048000000
   0.999664872000000   0.300469100000000
   0.999688503000000   0.300436028000000
   0.999708330000000   0.300408279000000
   0.999728157000000   0.300380528000000
   0.999747984000000   0.300352778000000
   0.999765886000000   0.300327721000000
   0.999780755000000   0.300306909000000
   0.999795625000000   0.300286096000000
   0.999810494000000   0.300265283000000
   0.999825364000000   0.300244469000000
   0.999840198000000   0.300223705000000
   0.999851749000000   0.300207536000000
   0.999863300000000   0.300191367000000
   0.999874850000000   0.300175198000000
   0.999886401000000   0.300159029000000
   0.999897952000000   0.300142860000000
   0.999909503000000   0.300126690000000
   0.999920907000000   0.300110725000000
   0.999930794000000   0.300096885000000
   0.999940680000000   0.300083045000000
   0.999950567000000   0.300069204000000
   0.999960454000000   0.300055364000000
   0.999970340000000   0.300041523000000
   0.999980227000000   0.300027682000000
   0.999990113000000   0.300013841000000
   1.000000000000000   0.300000000000000
