    5.28011e+19
    5.10622e+19
    5.02269e+19
    4.95652e+19
    4.89888e+19
    4.84690e+19
    4.79875e+19
    4.75353e+19
    4.71057e+19
    4.66944e+19
    4.62979e+19
    4.59139e+19
    4.55400e+19
    4.51749e+19
    4.48171e+19
    4.44657e+19
    4.41198e+19
    4.37786e+19
    4.34408e+19
    4.31064e+19
    4.27741e+19
    4.24418e+19
    4.20935e+19
    4.17086e+19
    4.13107e+19
    4.09124e+19
    4.05100e+19
    4.01052e+19
    3.96973e+19
    3.92845e+19
    3.88610e+19
    3.84266e+19
    3.79797e+19
    3.75158e+19
    3.70430e+19
    3.65527e+19
    3.60381e+19
    3.54859e+19
    3.48745e+19
    3.42388e+19
    3.35752e+19
    3.28581e+19
    3.19908e+19
    3.09261e+19
    2.95339e+19
    2.75510e+19
    2.45467e+19
    2.00397e+19
    1.40227e+19
    7.68028e+18
    2.56241e+18
