   9.9999999999999881E-002   7.2446904448723912E-002   2.2313584396827095E+019
  0.13287682265918177        9.6403158477563269E-002   2.2472272491244073E+019
  0.15909902576697346       0.11558325044199579        2.2549287696092586E+019
  0.18157298807917371       0.13210530058150943        2.2574093193364357E+019
  0.20155644370746423       0.14686440911728005        2.2567279884505588E+019
  0.21972994789058653       0.16034179795946468        2.2542519397539549E+019
  0.23651109910530690       0.17284155115160671        2.2508805921009193E+019
  0.25217801252290012       0.18456457813893024        2.2472112690142929E+019
  0.26692695630078211       0.19565134267768194        2.2436389885064315E+019
  0.28090256317805307       0.20620494212998058        2.2404192227169825E+019
  0.29421505739849507       0.21630521441752415        2.2377096847471071E+019
  0.30695072894521719       0.22601360771893542        2.2355990836901134E+019
  0.31917863337009239       0.23537910093739153        2.2341264437183402E+019
  0.33095505737184361       0.24444221181101503        2.2332942244428505E+019
  0.34232659844072877       0.25323620510093253        2.2330790258749788E+019
  0.35333235062756374       0.26178858289170137        2.2334392600718754E+019
  0.36400549446402602       0.27012293955158401        2.2343198771613737E+019
  0.37437447829679810       0.27825991386401505        2.2356566239404941E+019
  0.38446391248074269       0.28621676877147534        2.2373797545973805E+019
  0.39429525738968740       0.29400869994672219        2.2394156601298625E+019
  0.40388736053508817       0.30164913915890457        2.2416891500112847E+019
  0.41325688137041344       0.30915020639282470        2.2441247521017860E+019
  0.42241863121789458       0.31652226359626384        2.2466476451294728E+019
  0.43138584816843506       0.32377451217798575        2.2491849111128826E+019
  0.44017042154147490       0.33091571105408618        2.2516657248393888E+019
  0.44878307677540624       0.33795349785537476        2.2540225123689644E+019
  0.45723352895429686       0.34489475046777757        2.2561902841093124E+019
  0.46553061123840211       0.35174575269118891        2.2581082475784016E+019
  0.47368238303741039       0.35851226686566406        2.2597187178713108E+019
  0.48169622169994275       0.36519973838225206        2.2609683924648194E+019
  0.48957890068915355       0.37181296052425999        2.2618076896757944E+019
  0.49733665660194376       0.37835636097041492        2.2621913520084292E+019
  0.50497524691810403       0.38483419477122854        2.2620781607953375E+019
  0.51249999999999984       0.39125032705272456        2.2614308028831973E+019
  0.51991585857713585       0.39760835612124995        2.2602164822356566E+019
  0.52722741772407855       0.40391163589777834        2.2584062138911404E+019
  0.53443895816079912       0.41016326969584510        2.2559754852345332E+019
  0.54155447556086178       0.41636623768736497        2.2529032879238504E+019
  0.54857770643729198       0.42252335524505946        2.2491730808348074E+019
  0.55551215108222440       0.42863720675591582        2.2447717730300178E+019
  0.56236109396009948       0.43471020950412009        2.2396905384280576E+019
  0.56912762189161081       0.44074473282681303        2.2339240115297604E+019
  0.57581464031405105       0.44674300986626297        2.2274706878288437E+019
  0.58242488786108759       0.45270709588608554        2.2203325895700066E+019
  0.58896094946948740       0.45863900548653297        2.2125150953302565E+019
  0.59542526819072750       0.46454064622274582        2.2040272718849372E+019
  0.60182015586053628       0.47041380430191426        2.1948810067978813E+019
  0.60814780275850688       0.47626022962568221        2.1850921308260520E+019
  0.61441028637222561       0.48208160882700335        2.1746786577235194E+019
  0.62060957936532046       0.48787952503315102        2.1636625717228208E+019
  0.62674755683608407       0.49365548658082709        2.1520675768407388E+019
  0.63282600294235702       0.49941099728130361        2.1399213545392423E+019
  0.63884661695903167       0.50514749049831587        2.1272530591388774E+019
  0.64481101882644665       0.51086632882427385        2.1140954232246272E+019
  0.65072075424101838       0.51656884509380085        2.1004826840123625E+019
  0.65657729933344477       0.52225633923469539        2.0864519476353163E+019
  0.66238206497458851       0.52793006674178511        2.0720420487763669E+019
  0.66813640074463843       0.53359123908276695        2.0572939399660831E+019
  0.67384159859717774       0.53924105707778269        2.0422505999354724E+019
  0.67949889624634430       0.54488068630421149        2.0269562980811010E+019
  0.68510948030223617       0.55051125585341132        2.0114573094828257E+019
  0.69067448917706509       0.55613387633343536        1.9958007013654942E+019
  0.69619501578221588       0.56174964229003277        1.9800353829353697E+019
  0.70167211003430940       0.56735962245878369        1.9642108119893926E+019
  0.70710678118654757       0.57296487269237806        1.9483776365605044E+019
  0.71250000000000002       0.57856642676367909        1.9325869867532067E+019
  0.71785270076806129       0.58416531148876250        1.9168905164693144E+019
  0.72316578320603653       0.58976254550077245        1.9013402437162099E+019
  0.72844011421667310       0.59535912934540380        1.8859881441630056E+019
  0.73367652954145957       0.60095605877540792        1.8708861283950334E+019
  0.73887583530658241       0.60655431924808989        1.8560857565673017E+019
  0.74403880947165657       0.61215490144649465        1.8416377500496022E+019
  0.74916620318858484       0.61775879721948401        1.8275923674398323E+019
  0.75425874207727928       0.62336698055179973        1.8139982391163367E+019
  0.75931712742437218       0.62898042973297297        1.8009032717256966E+019
  0.76434203731052230       0.63460012452350067        1.7883530264373180E+019
  0.76933412767145604       0.64022706032140375        1.7763916123267785E+019
  0.77429403329742896       0.64586224524910585        1.7650606052033438E+019
  0.77922236877543494       0.65150666173075433        1.7543989372779500E+019
  0.78411972937810970       0.65716131055318494        1.7444431008786620E+019
  0.78898669190297499       0.66282722522940496        1.7352252891000134E+019
  0.79382381546537151       0.66850544486779617        1.7267755122823479E+019
  0.79863164224816419       0.67419703116023144        1.7191180046490479E+019
  0.80341069821107081       0.67990302955103699        1.7122746456516489E+019
  0.80816149376223068       0.68562449593310792        1.7062603184791890E+019
  0.81288452439445547       0.69136256718644962        1.7010866083676514E+019
  0.81758027128839161       0.69711839472099246        1.6967577416760783E+019
  0.82224920188468409       0.70289313276405985        1.6932729646556727E+019
  0.82689177042706152       0.70868792835309369        1.6906242677174100E+019
  0.83150841847812929       0.71450397024433043        1.6887963533411224E+019
  0.83609957540953239       0.72034257799394763        1.6877670950094512E+019
  0.84066565886801869       0.72620506770222659        1.6875045216472996E+019
  0.84520707521884830       0.73209271758605865        1.6879702120654430E+019
  0.84972421996786696       0.73800687402092191        1.6891133451075817E+019
  0.85421747816349436       0.74394899905757372        1.6908767400841918E+019
  0.85868722477977988       0.74992065197308644        1.6931886139650996E+019
  0.86313382508160330       0.75592334317637166        1.6959703862522135E+019
  0.86755763497303173       0.76195861901877149        1.6991269270292023E+019
  0.87195900132976434       0.76802820621018897        1.7025553845553015E+019
  0.87633826231655543       0.77413393109789874        1.7061350125426188E+019
  0.88069574769042691       0.78027765153426787        1.7097360832594649E+019
  0.88503177909044606       0.78646123303900195        1.7132095603427478E+019
  0.88934667031478798       0.79268678151521899        1.7163960282312849E+019
  0.89364072758575619       0.79895658288958993        1.7191157129100003E+019
  0.89791424980339873       0.80527291632944142        1.7211772526663653E+019
  0.90216752878830653       0.81163821746008413        1.7223675702026039E+019
  0.90640084951416500       0.81805514817562286        1.7224609924208126E+019
  0.91061449033056796       0.82452659799279859        1.7212091232062372E+019
  0.91480872317659934       0.83105555379846607        1.7183504184341111E+019
  0.91898381378564020       0.83764535073714486        1.7135999290847474E+019
  0.92314002188183764       0.84429960238032187        1.7066592706713907E+019
  0.92727760136865178       0.85102213506074487        1.6972069356392841E+019
  0.93139680050985785       0.85781726816022219        1.6849080107575697E+019
  0.93549786210338293       0.86468970761408337        1.6694069544699015E+019
  0.93958102364830676       0.87164452784669300        1.6503350699457442E+019
  0.94364651750536332       0.87868757891713345        1.6273071770154400E+019
  0.94769457105124333       0.88582551883199701        1.5999276857166143E+019
  0.95172540682699003       0.89306544794843301        1.5677921141387932E+019
  0.95573924268076393       0.90041591497245277        1.5304920114975515E+019
  0.95973629190522958       0.90788679809690609        1.4876187497300267E+019
  0.96371676336981915       0.91548921294981322        1.4387697546867601E+019
  0.96768086164809519       0.92323700897213512        1.3835693334504563E+019
  0.97162878714043877       0.93114679471889350        1.3216735307298953E+019
  0.97556073619226813       0.93923932027230328        1.2527217080374890E+019
  0.97947690120798647       0.94753998120337235        1.1765034690165752E+019
  0.98337747076084692       0.95609019089108438        1.0930794163401001E+019
  0.98726262969890632       0.96491990334117483        1.0018358491484510E+019
  0.99113255924724819       0.97419880917824409        9.0267719502925804E+018
  0.99498743710661997       0.98376453322401525        7.9818608053805199E+018
