   P(0)=8.563086610932702(kPa)
   % sqrt(\psi_p)             pressure
   0.000005230683370   0.006668491540000
   0.005230683370000   0.006668093030000
   0.010458815500000   0.006666898300000
   0.015684557500000   0.006664908490000
   0.020907853300000   0.006662124670000
   0.026128436400000   0.006658548120000
   0.031346816300000   0.006654179500000
   0.036563134100000   0.006649019550000
   0.041777447000000   0.006643069020000
   0.046989596600000   0.006636328890000
   0.052199884600000   0.006628799550000
   0.057408224200000   0.006620481870000
   0.062614327900000   0.006611377170000
   0.067817566500000   0.006601487610000
   0.073017992000000   0.006590814350000
   0.078215323000000   0.006579359310000
   0.083409250900000   0.006567124680000
   0.088599175600000   0.006554113670000
   0.093785601900000   0.006540326870000
   0.098968658500000   0.006525765750000
   0.104148528000000   0.006510431590000
   0.109324997000000   0.006494326910000
   0.114498705000000   0.006477451600000
   0.119669709000000   0.006459807290000
   0.124837977000000   0.006441396000000
   0.130002870000000   0.006422222190000
   0.135164438000000   0.006402288140000
   0.140322423000000   0.006381597480000
   0.145476569000000   0.006360154150000
   0.150626241000000   0.006337964060000
   0.155771648000000   0.006315029860000
   0.160913004000000   0.006291354240000
   0.166050392000000   0.006266940600000
   0.171183637000000   0.006241793770000
   0.176312795000000   0.006215917750000
   0.181438271000000   0.006189314870000
   0.186560134000000   0.006161989320000
   0.191678395000000   0.006133945780000
   0.196792772000000   0.006105190890000
   0.201903898000000   0.006075726360000
   0.207011946000000   0.006045556570000
   0.212117087000000   0.006014686120000
   0.217219162000000   0.005983121900000
   0.222318454000000   0.005950868350000
   0.227415077000000   0.005917931190000
   0.232508975000000   0.005884317550000
   0.237599911000000   0.005850036170000
   0.242687542000000   0.005815097000000
   0.247772102000000   0.005779506430000
   0.252853564000000   0.005743272990000
   0.257931973000000   0.005706405040000
   0.263007089000000   0.005668913450000
   0.268079267000000   0.005630805030000
   0.273148670000000   0.005592088310000
   0.278215299000000   0.005552773390000
   0.283279007000000   0.005512871950000
   0.288339388000000   0.005472398190000
   0.293396653000000   0.005431361870000
   0.298450687000000   0.005389775740000
   0.303501426000000   0.005347652590000
   0.308548608000000   0.005305007290000
   0.313592378000000   0.005261851730000
   0.318633027000000   0.005218196820000
   0.323670586000000   0.005174056060000
   0.328705001000000   0.005129444050000
   0.333735667000000   0.005084380800000
   0.338762679000000   0.005038880500000
   0.343785837000000   0.004992960410000
   0.348804865000000   0.004946638880000
   0.353819450000000   0.004899935080000
   0.358828831000000   0.004852872830000
   0.363833380000000   0.004805465690000
   0.368832848000000   0.004757733360000
   0.373826888000000   0.004709696820000
   0.378814694000000   0.004661381880000
   0.383794996000000   0.004612819340000
   0.388767331000000   0.004564032570000
   0.393730260000000   0.004515054820000
   0.398681860000000   0.004465924590000
   0.403618289000000   0.004416700070000
   0.408534708000000   0.004367450120000
   0.413426074000000   0.004318246350000
   0.418282822000000   0.004269206590000
   0.423089462000000   0.004220509670000
   0.427805791000000   0.004172587020000
   0.432373104000000   0.004126061600000
   0.436681562000000   0.004082081520000
   0.440526637000000   0.004042767330000
   0.443404169000000   0.004013311970000
   0.445291156000000   0.003993982530000
   0.446322220000000   0.003983416670000
   0.446907918000000   0.003977413530000
   0.447284987000000   0.003973548310000
   0.447556347000000   0.003970766460000
   0.447737635000000   0.003968907900000
   0.447875882000000   0.003967490550000
   0.447985698000000   0.003966364650000
   0.448075484000000   0.003965444080000
   0.448151640000000   0.003964663240000
   0.448216716000000   0.003963996020000
   0.448274436000000   0.003963404190000
   0.448326288000000   0.003962872530000
   0.448373589000000   0.003962387520000
   0.448417458000000   0.003961937700000
   0.448458797000000   0.003961513820000
   0.448498289000000   0.003961108880000
   0.448536352000000   0.003960718580000
   0.448573436000000   0.003960338330000
   0.448610292000000   0.003959960400000
   0.448647191000000   0.003959582030000
   0.448684478000000   0.003959199690000
   0.448723027000000   0.003958804390000
   0.448763079000000   0.003958393680000
   0.448805185000000   0.003957961910000
   0.448850101000000   0.003957501310000
   0.448898807000000   0.003957001840000
   0.448952491000000   0.003956451330000
   0.449012531000000   0.003955835620000
   0.449080640000000   0.003955137160000
   0.449161180000000   0.003954311210000
   0.449257042000000   0.003953328120000
   0.449374700000000   0.003952121460000
   0.449525736000000   0.003950572460000
   0.449727112000000   0.003948507110000
   0.450013441000000   0.003945570340000
   0.450471490000000   0.003940871960000
   0.451156686000000   0.003933842950000
   0.452426152000000   0.003920818200000
   0.454585722000000   0.003898655620000
   0.457866829000000   0.003864973690000
   0.461838930000000   0.003824190420000
   0.466200827000000   0.003779406480000
   0.470779561000000   0.003732412530000
   0.475469270000000   0.003684313190000
   0.480215134000000   0.003635689770000
   0.484993801000000   0.003586800710000
   0.489791256000000   0.003537808470000
   0.494598787000000   0.003488820780000
   0.499410049000000   0.003439920670000
   0.504220592000000   0.003391171270000
   0.509027689000000   0.003342617610000
   0.513829258000000   0.003294297520000
   0.518623665000000   0.003246243700000
   0.523409128000000   0.003198489630000
   0.528184189000000   0.003151064770000
   0.532948589000000   0.003103986000000
   0.537701544000000   0.003057274670000
   0.542442360000000   0.003010950510000
   0.547170409000000   0.002965031820000
   0.551885118000000   0.002919535590000
   0.556585088000000   0.002874485880000
   0.561270004000000   0.002829895400000
   0.565940045000000   0.002785771400000
   0.570594781000000   0.002742126110000
   0.575233806000000   0.002698970750000
   0.579856731000000   0.002656315450000
   0.584463183000000   0.002614169360000
   0.589052805000000   0.002572540580000
   0.593625178000000   0.002531436890000
   0.598178657000000   0.002490876070000
   0.602714303000000   0.002450850800000
   0.607231813000000   0.002411365240000
   0.611730887000000   0.002372422640000
   0.616211238000000   0.002334025320000
   0.620672584000000   0.002296174730000
   0.625114655000000   0.002258871400000
   0.629537184000000   0.002222115030000
   0.633939912000000   0.002185904490000
   0.638322585000000   0.002150237860000
   0.642684956000000   0.002115112400000
   0.647026779000000   0.002080524650000
   0.651347814000000   0.002046470440000
   0.655647821000000   0.002012944960000
   0.659926561000000   0.001979942700000
   0.664183495000000   0.001947459870000
   0.668418499000000   0.001915488860000
   0.672631590000000   0.001884020550000
   0.676822513000000   0.001853047370000
   0.680991000000000   0.001822561370000
   0.685136763000000   0.001792554280000
   0.689259482000000   0.001763017640000
   0.693358805000000   0.001733942860000
   0.697434328000000   0.001705321320000
   0.701485573000000   0.001677144600000
   0.705511972000000   0.001649404560000
   0.709512537000000   0.001622095640000
   0.713486013000000   0.001595213750000
   0.717431656000000   0.001568751040000
   0.721347882000000   0.001542705010000
   0.725232518000000   0.001517076780000
   0.729082487000000   0.001491873030000
   0.732893316000000   0.001467109050000
   0.736658178000000   0.001442814740000
   0.740366349000000   0.001419044110000
   0.744000044000000   0.001395894860000
   0.747528431000000   0.001373545270000
   0.750895843000000   0.001352326810000
   0.754004126000000   0.001332832030000
   0.756688360000000   0.001316062940000
   0.758769518000000   0.001303101320000
   0.760201743000000   0.001294200630000
   0.761036361000000   0.001289020850000
   0.761562125000000   0.001285760460000
   0.761905935000000   0.001283629480000
   0.762157001000000   0.001282073870000
   0.762322117000000   0.001281051050000
   0.762477417000000   0.001280089200000
   0.762584501000000   0.001279426080000
   0.762670441000000   0.001278893950000
   0.762742605000000   0.001278447170000
   0.762803679000000   0.001278069070000
   0.762856877000000   0.001277739750000
   0.762903703000000   0.001277449890000
   0.762945531000000   0.001277190990000
   0.762983560000000   0.001276955600000
   0.763018340000000   0.001276740340000
   0.763049764000000   0.001276545860000
   0.763079725000000   0.001276360430000
   0.763107648000000   0.001276187630000
   0.763134095000000   0.001276023960000
   0.763159628000000   0.001275865960000
   0.763183915000000   0.001275715670000
   0.763207754000000   0.001275568160000
   0.763230876000000   0.001275425080000
   0.763253718000000   0.001275283740000
   0.763276377000000   0.001275143540000
   0.763298920000000   0.001275004060000
   0.763321657000000   0.001274863380000
   0.763344602000000   0.001274721430000
   0.763367971000000   0.001274576840000
   0.763392015000000   0.001274428090000
   0.763416754000000   0.001274275040000
   0.763442593000000   0.001274115190000
   0.763469746000000   0.001273947220000
   0.763498075000000   0.001273771980000
   0.763529047000000   0.001273580390000
   0.763561740000000   0.001273378170000
   0.763597120000000   0.001273159340000
   0.763636811000000   0.001272913850000
   0.763680631000000   0.001272642830000
   0.763729801000000   0.001272338740000
   0.763785712000000   0.001271992980000
   0.763851156000000   0.001271588290000
   0.763928163000000   0.001271112140000
   0.764021438000000   0.001270535460000
   0.764136816000000   0.001269822190000
   0.764284235000000   0.001268910990000
   0.764479269000000   0.001267705690000
   0.764748641000000   0.001266041400000
   0.765177410000000   0.001263393280000
   0.765786835000000   0.001259631460000
   0.766784486000000   0.001253478320000
   0.768356960000000   0.001243792350000
   0.770580630000000   0.001230120050000
   0.773351637000000   0.001213120450000
   0.776441038000000   0.001194212970000
   0.779700369000000   0.001174311790000
   0.783050349000000   0.001153900310000
   0.786448363000000   0.001133234230000
   0.789870296000000   0.001112454600000
   0.793301612000000   0.001091643310000
   0.796733207000000   0.001070848940000
   0.800159141000000   0.001050100890000
   0.803572814000000   0.001029432780000
   0.806972359000000   0.001008849840000
   0.810356434000000   0.000988354507000
   0.813723692000000   0.000967949697000
   0.817073028000000   0.000947637327000
   0.820403515000000   0.000927418765000
   0.823708555000000   0.000907330380000
   0.826991461000000   0.000887348883000
   0.830251803000000   0.000867474262000
   0.833488497000000   0.000847711064000
   0.836700319000000   0.000828065285000
   0.839877265000000   0.000808597342000
   0.843020272000000   0.000789301425000
   0.846127191000000   0.000770191221000
   0.849192442000000   0.000751302197000
   0.852207275000000   0.000732690115000
   0.855128920000000   0.000714622118000
   0.857943409000000   0.000697188834000
   0.860603280000000   0.000680689337000
   0.863038424000000   0.000665564818000
   0.865129779000000   0.000652562159000
   0.866686896000000   0.000642873672000
   0.867759180000000   0.000636198482000
   0.868445225000000   0.000631926360000
   0.868899253000000   0.000629098499000
   0.869208906000000   0.000627169618000
   0.869432845000000   0.000625774546000
   0.869587505000000   0.000624811002000
   0.869726953000000   0.000623942194000
   0.869815530000000   0.000623390306000
   0.869904108000000   0.000622838404000
   0.869987212000000   0.000622320591000
   0.870046269000000   0.000621952600000
   0.870096553000000   0.000621639277000
   0.870140935000000   0.000621362722000
   0.870179577000000   0.000621121930000
   0.870214402000000   0.000620904924000
   0.870246597000000   0.000620704302000
   0.870275538000000   0.000620523959000
   0.870302200000000   0.000620357810000
   0.870327316000000   0.000620201303000
   0.870350348000000   0.000620057773000
   0.870372307000000   0.000619920930000
   0.870393159000000   0.000619790987000
   0.870412637000000   0.000619669610000
   0.870432114000000   0.000619548231000
   0.870449876000000   0.000619437543000
   0.870467548000000   0.000619327412000
   0.870484995000000   0.000619218682000
   0.870501542000000   0.000619115567000
   0.870518088000000   0.000619012452000
   0.870534518000000   0.000618910063000
   0.870550618000000   0.000618809723000
   0.870566719000000   0.000618709383000
   0.870582877000000   0.000618608687000
   0.870599213000000   0.000618506879000
   0.870615549000000   0.000618405071000
   0.870632129000000   0.000618301741000
   0.870649381000000   0.000618194226000
   0.870666633000000   0.000618086710000
   0.870684600000000   0.000617974733000
   0.870703446000000   0.000617857279000
   0.870722292000000   0.000617739824000
   0.870743113000000   0.000617610062000
   0.870764230000000   0.000617478452000
   0.870787018000000   0.000617336429000
   0.870811080000000   0.000617186467000
   0.870837118000000   0.000617024184000
   0.870864793000000   0.000616851699000
   0.870895849000000   0.000616658138000
   0.870929130000000   0.000616450711000
   0.870966018000000   0.000616220800000
   0.871008221000000   0.000615957759000
   0.871055723000000   0.000615661686000
   0.871109982000000   0.000615323494000
   0.871173875000000   0.000614925247000
   0.871249233000000   0.000614455531000
   0.871340467000000   0.000613886843000
   0.871452627000000   0.000613187703000
   0.871595728000000   0.000612295659000
   0.871783200000000   0.000611126975000
   0.872037518000000   0.000609541493000
   0.872398587000000   0.000607290330000
   0.872940983000000   0.000603908299000
   0.873797035000000   0.000598569715000
   0.875035522000000   0.000590844675000
   0.876768425000000   0.000580033448000
   0.878939578000000   0.000566485924000
   0.881359877000000   0.000551383715000
   0.883930082000000   0.000535349998000
   0.886595294000000   0.000518732851000
   0.889326337000000   0.000501721086000
   0.892078107000000   0.000484603329000
   0.894838648000000   0.000467462020000
   0.897601527000000   0.000450345728000
   0.900353422000000   0.000433345874000
   0.903092753000000   0.000416481270000
   0.905818244000000   0.000399769212000
   0.908513187000000   0.000383321261000
   0.911178990000000   0.000367137420000
   0.913816313000000   0.000351222401000
   0.916401264000000   0.000335727644000
   0.918915820000000   0.000320765379000
   0.921360136000000   0.000306336780000
   0.923690180000000   0.000292699431000
   0.925789829000000   0.000280516818000
   0.927653575000000   0.000269793997000
   0.929179067000000   0.000261085193000
   0.930306398000000   0.000254690791000
   0.931055485000000   0.000250462038000
   0.931546248000000   0.000247700553000
   0.931894057000000   0.000245747836000
   0.932117495000000   0.000244495321000
   0.932320583000000   0.000243358200000
   0.932471170000000   0.000242515865000
   0.932584685000000   0.000241881364000
   0.932672930000000   0.000241388385000
   0.932745737000000   0.000240981835000
   0.932807720000000   0.000240635855000
   0.932860267000000   0.000240342642000
   0.932906158000000   0.000240086642000
   0.932946702000000   0.000239860520000
   0.932983016000000   0.000239658038000
   0.933014581000000   0.000239482068000
   0.933043678000000   0.000239319880000
   0.933070812000000   0.000239168666000
   0.933094607000000   0.000239036071000
   0.933117972000000   0.000238905894000
   0.933138256000000   0.000238792897000
   0.933158407000000   0.000238680655000
   0.933176634000000   0.000238579137000
   0.933194129000000   0.000238481709000
   0.933211308000000   0.000238386046000
   0.933226709000000   0.000238300298000
   0.933242109000000   0.000238214558000
   0.933257162000000   0.000238130758000
   0.933271033000000   0.000238053551000
   0.933284903000000   0.000237976350000
   0.933298773000000   0.000237899155000
   0.933311697000000   0.000237827230000
   0.933324602000000   0.000237755414000
   0.933337508000000   0.000237683603000
   0.933350218000000   0.000237612885000
   0.933362726000000   0.000237543297000
   0.933375234000000   0.000237473714000
   0.933387742000000   0.000237404136000
   0.933400401000000   0.000237333721000
   0.933413079000000   0.000237263209000
   0.933425756000000   0.000237192702000
   0.933438685000000   0.000237120806000
   0.933452099000000   0.000237046215000
   0.933465513000000   0.000236971629000
   0.933478927000000   0.000236897049000
   0.933493622000000   0.000236815352000
   0.933508338000000   0.000236733546000
   0.933523054000000   0.000236651747000
   0.933539496000000   0.000236560369000
   0.933556078000000   0.000236468215000
   0.933573167000000   0.000236373250000
   0.933592176000000   0.000236267630000
   0.933611186000000   0.000236162022000
   0.933632703000000   0.000236042489000
   0.933654697000000   0.000235920328000
   0.933679499000000   0.000235782592000
   0.933705153000000   0.000235640138000
   0.933734773000000   0.000235475692000
   0.933766754000000   0.000235298170000
   0.933802014000000   0.000235102485000
   0.933841735000000   0.000234882088000
   0.933887196000000   0.000234629908000
   0.933939736000000   0.000234338542000
   0.934000731000000   0.000234000398000
   0.934072377000000   0.000233603368000
   0.934158795000000   0.000233124696000
   0.934265405000000   0.000232534518000
   0.934398994000000   0.000231795509000
   0.934571584000000   0.000230841629000
   0.934802000000000   0.000229569684000
   0.935125890000000   0.000227784746000
   0.935653631000000   0.000224883995000
   0.936314181000000   0.000221266721000
   0.937326268000000   0.000215754107000
   0.938716204000000   0.000208243933000
   0.940395958000000   0.000199265136000
   0.942418871000000   0.000188600761000
   0.944543560000000   0.000177584920000
   0.946755093000000   0.000166332725000
   0.949042518000000   0.000154938473000
   0.951338026000000   0.000143769302000
   0.953642656000000   0.000132839968000
   0.955927377000000   0.000122303447000
   0.958192788000000   0.000112166934000
   0.960414929000000   0.000102542322000
   0.962561356000000   0.000093561606300
   0.964656294000000   0.000085111686900
   0.966559713000000   0.000077717777400
   0.968289740000000   0.000071242268000
   0.969833004000000   0.000065670552400
   0.970977385000000   0.000061667823600
   0.971754154000000   0.000059015081600
   0.972364057000000   0.000056969273200
   0.972772624000000   0.000055617298200
   0.973051774000000   0.000054702180600
   0.973257947000000   0.000054030816600
   0.973414765000000   0.000053522747700
   0.973537861000000   0.000053125506800
   0.973636664000000   0.000052807659200
   0.973717346000000   0.000052548770100
   0.973784883000000   0.000052332518300
   0.973842155000000   0.000052149463200
   0.973891619000000   0.000051991609100
   0.973934691000000   0.000051854335400
   0.973972745000000   0.000051733194800
   0.974007082000000   0.000051624003900
   0.974037014000000   0.000051528909400
   0.974064355000000   0.000051442117000
   0.974089829000000   0.000051361316700
   0.974112295000000   0.000051290103800
   0.974133870000000   0.000051221760900
   0.974153330000000   0.000051160154300
   0.974171573000000   0.000051102434900
   0.974189518000000   0.000051045685300
   0.974204998000000   0.000050996755600
   0.974220478000000   0.000050947848100
   0.974235675000000   0.000050899857600
   0.974248967000000   0.000050857898600
   0.974262259000000   0.000050815956100
   0.974275551000000   0.000050774029900
   0.974287779000000   0.000050735477500
   0.974299461000000   0.000050698657200
   0.974311142000000   0.000050661849600
   0.974322824000000   0.000050625054600
   0.974333769000000   0.000050590592600
   0.974344421000000   0.000050557065500
   0.974355072000000   0.000050523548800
   0.974365724000000   0.000050490042800
   0.974376201000000   0.000050457094400
   0.974386403000000   0.000050425022100
   0.974396605000000   0.000050392959400
   0.974406807000000   0.000050360906400
   0.974417009000000   0.000050328863100
   0.974427326000000   0.000050296469600
   0.974437660000000   0.000050264031400
   0.974447994000000   0.000050231603200
   0.974458328000000   0.000050199184900
   0.974468952000000   0.000050165865300
   0.974479999000000   0.000050131232100
   0.974491047000000   0.000050096610300
   0.974502094000000   0.000050061999800
   0.974513444000000   0.000050026451000
   0.974525784000000   0.000049987816900
   0.974538124000000   0.000049949197000
   0.974550463000000   0.000049910591300
   0.974563736000000   0.000049869083200
   0.974577946000000   0.000049824661700
   0.974592156000000   0.000049780259100
   0.974606989000000   0.000049733931600
   0.974623643000000   0.000049681937500
   0.974640298000000   0.000049629969400
   0.974658419000000   0.000049573452500
   0.974678089000000   0.000049512143500
   0.974698270000000   0.000049449276800
   0.974721520000000   0.000049376898400
   0.974745433000000   0.000049302508300
   0.974772824000000   0.000049217367400
   0.974802453000000   0.000049125344500
   0.974834748000000   0.000049025137600
   0.974872072000000   0.000048909449400
   0.974914048000000   0.000048779498100
   0.974961789000000   0.000048631899500
   0.975023425000000   0.000048441660800
   0.975088069000000   0.000048242524800
   0.975173755000000   0.000047979175600
   0.975283867000000   0.000047641774100
   0.975393980000000   0.000047305523100
   0.975547783000000   0.000046837784100
   0.975737513000000   0.000046263900700
   0.976009249000000   0.000045447979700
   0.976372673000000   0.000044367886900
   0.976899156000000   0.000042825974400
   0.977680558000000   0.000040587793000
   0.978706056000000   0.000037743206000
   0.980055602000000   0.000034163870400
   0.981659429000000   0.000030159540500
   0.983364719000000   0.000026208840400
   0.985205595000000   0.000022312020500
   0.987058890000000   0.000018789336300
   0.988923749000000   0.000015665754400
   0.990708159000000   0.000013087182600
   0.992446474000000   0.000010975050600
   0.993969742000000   0.000009459477370
   0.995319997000000   0.000008385838540
   0.996416895000000   0.000007705128720
   0.997199838000000   0.000007326424740
   0.997827497000000   0.000007088343430
   0.998231253000000   0.000006966360380
   0.998524412000000   0.000006893211800
   0.998743695000000   0.000006847027440
   0.998911762000000   0.000006816593430
   0.999044901000000   0.000006795551690
   0.999150474000000   0.000006780799460
   0.999237853000000   0.000006769885000
   0.999310909000000   0.000006761661960
   0.999373544000000   0.000006755266880
   0.999427459000000   0.000006750247190
   0.999472577000000   0.000006746391590
   0.999515563000000   0.000006743011080
   0.999549689000000   0.000006740531020
   0.999583219000000   0.000006738269870
   0.999612439000000   0.000006736441410
   0.999638026000000   0.000006734949030
   0.999663613000000   0.000006733558210
   0.999686612000000   0.000006732394790
   0.999705802000000   0.000006731486850
   0.999724993000000   0.000006730636100
   0.999744184000000   0.000006729842590
   0.999762310000000   0.000006729145690
   0.999776679000000   0.000006728629500
   0.999791049000000   0.000006728145430
   0.999805418000000   0.000006727693470
   0.999819788000000   0.000006727273650
   0.999834157000000   0.000006726885970
   0.999846483000000   0.000006726579050
   0.999857626000000   0.000006726321920
   0.999868769000000   0.000006726084140
   0.999879913000000   0.000006725865710
   0.999891056000000   0.000006725666630
   0.999902199000000   0.000006725486900
   0.999913343000000   0.000006725326520
   0.999923793000000   0.000006725193720
   0.999933319000000   0.000006725087500
   0.999942845000000   0.000006724995440
   0.999952371000000   0.000006724917530
   0.999961897000000   0.000006724853780
   0.999971422000000   0.000006724804190
   0.999980948000000   0.000006724768770
   0.999990474000000   0.000006724747520
   1.000000000000000   0.000006724740430