   0.000005212703820   1.000000000000000
   0.005212703820000   0.999980979000000
   0.010422865500000   0.999923955000000
   0.015630652400000   0.999828978000000
   0.020836039600000   0.999696102000000
   0.026038711200000   0.999525390000000
   0.031239204600000   0.999316878000000
   0.036437663200000   0.999070608000000
   0.041634177100000   0.998786617000000
   0.046828518500000   0.998464963000000
   0.052021011500000   0.998105670000000
   0.057211571700000   0.997708785000000
   0.062399979000000   0.997274370000000
   0.067585552200000   0.996802535000000
   0.072768333300000   0.996293339000000
   0.077948086400000   0.995746867000000
   0.083124574500000   0.995163214000000
   0.088297171200000   0.994542527000000
   0.093466195700000   0.993884849000000
   0.098631854600000   0.993190230000000
   0.103794349000000   0.992458713000000
   0.108953613000000   0.991690377000000
   0.114110013000000   0.990885233000000
   0.119263775000000   0.990043306000000
   0.124414870000000   0.989164658000000
   0.129562905000000   0.988249418000000
   0.134707493000000   0.987297724000000
   0.139848566000000   0.986309665000000
   0.144985856000000   0.985285371000000
   0.150119065000000   0.984224986000000
   0.155247750000000   0.983128695000000
   0.160372459000000   0.981996472000000
   0.165493274000000   0.980828383000000
   0.170610287000000   0.979624491000000
   0.175723098000000   0.978384975000000
   0.180832215000000   0.977109797000000
   0.185937789000000   0.975798997000000
   0.191039893000000   0.974452631000000
   0.196138398000000   0.973070810000000
   0.201233411000000   0.971653580000000
   0.206325397000000   0.970200881000000
   0.211414538000000   0.968712725000000
   0.216500992000000   0.967189124000000
   0.221584474000000   0.965630225000000
   0.226665365000000   0.964035968000000
   0.231743619000000   0.962406426000000
   0.236819131000000   0.960741689000000
   0.241891591000000   0.959041921000000
   0.246960818000000   0.957307248000000
   0.252027035000000   0.955537662000000
   0.257090288000000   0.953733209000000
   0.262150671000000   0.951893918000000
   0.267207969000000   0.950019931000000
   0.272262533000000   0.948111179000000
   0.277314442000000   0.946167690000000
   0.282363633000000   0.944189545000000
   0.287409928000000   0.942176873000000
   0.292452875000000   0.940129921000000
   0.297492731000000   0.938048652000000
   0.302529448000000   0.935933153000000
   0.307563034000000   0.933783486000000
   0.312593368000000   0.931599770000000
   0.317620480000000   0.929382062000000
   0.322644674000000   0.927130290000000
   0.327665922000000   0.924844531000000
   0.332684100000000   0.922524903000000
   0.337698691000000   0.920171716000000
   0.342709560000000   0.917785110000000
   0.347716656000000   0.915365189000000
   0.352719783000000   0.912912128000000
   0.357718778000000   0.910426093000000
   0.362712982000000   0.907907505000000
   0.367702575000000   0.905356372000000
   0.372687473000000   0.902772833000000
   0.377667361000000   0.900157155000000
   0.382641784000000   0.897509686000000
   0.387609212000000   0.894831369000000
   0.392569286000000   0.892122549000000
   0.397520892000000   0.889383998000000
   0.402462442000000   0.886616788000000
   0.407391829000000   0.883822328000000
   0.412303539000000   0.881004054000000
   0.417194421000000   0.878164171000000
   0.422057460000000   0.875307250000000
   0.426881430000000   0.872440571000000
   0.431646505000000   0.869576906000000
   0.436301138000000   0.866748922000000
   0.440780271000000   0.863998927000000
   0.444945962000000   0.861416164000000
   0.448501579000000   0.859192433000000
   0.451046107000000   0.857590186000000
   0.452611500000000   0.856599981000000
   0.453460422000000   0.856061552000000
   0.453961728000000   0.855743124000000
   0.454288266000000   0.855535520000000
   0.454512054000000   0.855393155000000
   0.454679173000000   0.855286795000000
   0.454813063000000   0.855201554000000
   0.454909075000000   0.855140414000000
   0.455002374000000   0.855080988000000
   0.455073895000000   0.855035425000000
   0.455136323000000   0.854995649000000
   0.455191837000000   0.854960274000000
   0.455242052000000   0.854928272000000
   0.455288295000000   0.854898798000000
   0.455331471000000   0.854871276000000
   0.455371674000000   0.854845647000000
   0.455410532000000   0.854820873000000
   0.455448389000000   0.854796735000000
   0.455485332000000   0.854773179000000
   0.455522202000000   0.854749666000000
   0.455559207000000   0.854726066000000
   0.455596923000000   0.854702011000000
   0.455636016000000   0.854677075000000
   0.455676603000000   0.854651183000000
   0.455719268000000   0.854623964000000
   0.455765523000000   0.854594452000000
   0.455815989000000   0.854562249000000
   0.455871682000000   0.854526707000000
   0.455934158000000   0.854486831000000
   0.456007012000000   0.854440323000000
   0.456091877000000   0.854386140000000
   0.456194951000000   0.854320317000000
   0.456322876000000   0.854238603000000
   0.456489228000000   0.854132309000000
   0.456715162000000   0.853987882000000
   0.457040101000000   0.853780042000000
   0.457552578000000   0.853451947000000
   0.458432440000000   0.852887788000000
   0.459953460000000   0.851909970000000
   0.462496970000000   0.850267587000000
   0.466043121000000   0.847962666000000
   0.470155356000000   0.845267759000000
   0.474581323000000   0.842340798000000
   0.479185471000000   0.839266899000000
   0.483873084000000   0.836106787000000
   0.488606741000000   0.832884417000000
   0.493367050000000   0.829612268000000
   0.498142127000000   0.826298095000000
   0.502924436000000   0.822946908000000
   0.507708249000000   0.819562634000000
   0.512489865000000   0.816147897000000
   0.517266830000000   0.812704519000000
   0.522037252000000   0.809233975000000
   0.526799634000000   0.805737502000000
   0.531552453000000   0.802216393000000
   0.536293996000000   0.798672125000000
   0.541024242000000   0.795104939000000
   0.545742452000000   0.791515623000000
   0.550447969000000   0.787904923000000
   0.555140195000000   0.784273554000000
   0.559818587000000   0.780622205000000
   0.564482640000000   0.776951545000000
   0.569130507000000   0.773263327000000
   0.573762977000000   0.769557232000000
   0.578379750000000   0.765833805000000
   0.582980438000000   0.762093666000000
   0.587564669000000   0.758337432000000
   0.592132089000000   0.754565713000000
   0.596682355000000   0.750779117000000
   0.601215142000000   0.746978247000000
   0.605730133000000   0.743163704000000
   0.610226750000000   0.739336320000000
   0.614703959000000   0.735497330000000
   0.619162507000000   0.731646453000000
   0.623602121000000   0.727784276000000
   0.628022537000000   0.723911385000000
   0.632423500000000   0.720028362000000
   0.636804759000000   0.716135789000000
   0.641166074000000   0.712234246000000
   0.645507205000000   0.708324314000000
   0.649827920000000   0.704406572000000
   0.654127991000000   0.700481600000000
   0.658407192000000   0.696549979000000
   0.662665298000000   0.692612292000000
   0.666902083000000   0.688669128000000
   0.671117322000000   0.684721078000000
   0.675310784000000   0.680768742000000
   0.679482227000000   0.676812732000000
   0.683631401000000   0.672853675000000
   0.687758037000000   0.668892218000000
   0.691861842000000   0.664929034000000
   0.695942491000000   0.660964834000000
   0.699999614000000   0.657000379000000
   0.704032777000000   0.653036494000000
   0.708041468000000   0.649074096000000
   0.712025057000000   0.645114223000000
   0.715982753000000   0.641158088000000
   0.719913548000000   0.637207138000000
   0.723816111000000   0.633263167000000
   0.727688643000000   0.629328467000000
   0.731528668000000   0.625406066000000
   0.735332619000000   0.621500158000000
   0.739095283000000   0.617616714000000
   0.742808689000000   0.613764676000000
   0.746460145000000   0.609958077000000
   0.750028822000000   0.606219736000000
   0.753477512000000   0.602590147000000
   0.756729025000000   0.599152828000000
   0.759657164000000   0.596044695000000
   0.762081579000000   0.593462166000000
   0.763765230000000   0.591663872000000
   0.764908429000000   0.590440566000000
   0.765591893000000   0.589708337000000
   0.766021761000000   0.589247463000000
   0.766313056000000   0.588935010000000
   0.766521896000000   0.588710928000000
   0.766677239000000   0.588544208000000
   0.766799089000000   0.588413410000000
   0.766896643000000   0.588308677000000
   0.766976036000000   0.588223432000000
   0.767043113000000   0.588151404000000
   0.767103069000000   0.588087018000000
   0.767151490000000   0.588035014000000
   0.767198074000000   0.587984981000000
   0.767236278000000   0.587943946000000
   0.767274482000000   0.587902909000000
   0.767306863000000   0.587868124000000
   0.767337373000000   0.587835349000000
   0.767367882000000   0.587802573000000
   0.767394679000000   0.587773785000000
   0.767420048000000   0.587746529000000
   0.767445418000000   0.587719272000000
   0.767470605000000   0.587692209000000
   0.767493496000000   0.587667614000000
   0.767516386000000   0.587643019000000
   0.767539276000000   0.587618422000000
   0.767562006000000   0.587593997000000
   0.767584601000000   0.587569716000000
   0.767607197000000   0.587545434000000
   0.767630120000000   0.587520799000000
   0.767654158000000   0.587494966000000
   0.767678195000000   0.587469132000000
   0.767702582000000   0.587442922000000
   0.767729748000000   0.587413723000000
   0.767756915000000   0.587384524000000
   0.767785787000000   0.587353490000000
   0.767817760000000   0.587319121000000
   0.767849814000000   0.587284664000000
   0.767888259000000   0.587243335000000
   0.767927225000000   0.587201444000000
   0.767973787000000   0.587151384000000
   0.768024787000000   0.587096549000000
   0.768082511000000   0.587034480000000
   0.768150383000000   0.586961493000000
   0.768232195000000   0.586873507000000
   0.768331935000000   0.586766226000000
   0.768454430000000   0.586634452000000
   0.768613945000000   0.586462822000000
   0.768826384000000   0.586234193000000
   0.769124672000000   0.585913068000000
   0.769565430000000   0.585438334000000
   0.770258405000000   0.584691392000000
   0.771389246000000   0.583471042000000
   0.773177657000000   0.581537418000000
   0.775546861000000   0.578968946000000
   0.778375581000000   0.575892019000000
   0.781478819000000   0.572503599000000
   0.784736393000000   0.568932156000000
   0.788079143000000   0.565251885000000
   0.791464100000000   0.561509205000000
   0.794866204000000   0.557731402000000
   0.798274042000000   0.553930988000000
   0.801680160000000   0.550116245000000
   0.805079538000000   0.546292856000000
   0.808468697000000   0.542464857000000
   0.811843164000000   0.538637474000000
   0.815200388000000   0.534813829000000
   0.818540811000000   0.530993658000000
   0.821863477000000   0.527178298000000
   0.825167556000000   0.523368953000000
   0.828452311000000   0.519566737000000
   0.831710013000000   0.515780918000000
   0.834945602000000   0.512006089000000
   0.838158120000000   0.508243676000000
   0.841346379000000   0.504495389000000
   0.844507918000000   0.500764463000000
   0.847630374000000   0.497065925000000
   0.850718259000000   0.493394911000000
   0.853766314000000   0.489758157000000
   0.856767688000000   0.486164390000000
   0.859695203000000   0.482646910000000
   0.862515427000000   0.479246997000000
   0.865195290000000   0.476005977000000
   0.867671865000000   0.473001874000000
   0.869847441000000   0.470355801000000
   0.871540204000000   0.468292371000000
   0.872738378000000   0.466829406000000
   0.873502002000000   0.465895976000000
   0.874009851000000   0.465274746000000
   0.874347990000000   0.464860915000000
   0.874581282000000   0.464575306000000
   0.874780235000000   0.464331678000000
   0.874910717000000   0.464171866000000
   0.875029751000000   0.464026054000000
   0.875116836000000   0.463919367000000
   0.875188543000000   0.463831509000000
   0.875250152000000   0.463756020000000
   0.875302819000000   0.463691483000000
   0.875348800000000   0.463635135000000
   0.875389334000000   0.463585460000000
   0.875425202000000   0.463541502000000
   0.875457887000000   0.463501441000000
   0.875488383000000   0.463464064000000
   0.875515254000000   0.463431128000000
   0.875540945000000   0.463399637000000
   0.875564472000000   0.463370798000000
   0.875586970000000   0.463343220000000
   0.875607766000000   0.463317728000000
   0.875628263000000   0.463292601000000
   0.875646943000000   0.463269702000000
   0.875665623000000   0.463246801000000
   0.875683326000000   0.463225099000000
   0.875700509000000   0.463204033000000
   0.875717691000000   0.463182968000000
   0.875734042000000   0.463162921000000
   0.875750347000000   0.463142931000000
   0.875766627000000   0.463122971000000
   0.875782674000000   0.463103295000000
   0.875798721000000   0.463083620000000
   0.875814841000000   0.463063855000000
   0.875831252000000   0.463043733000000
   0.875847663000000   0.463023610000000
   0.875864433000000   0.463003046000000
   0.875881828000000   0.462981717000000
   0.875899222000000   0.462960387000000
   0.875917727000000   0.462937694000000
   0.875936725000000   0.462914398000000
   0.875956267000000   0.462890433000000
   0.875977483000000   0.462864414000000
   0.875998854000000   0.462838206000000
   0.876022903000000   0.462808712000000
   0.876047370000000   0.462778704000000
   0.876074862000000   0.462744986000000
   0.876104096000000   0.462709129000000
   0.876135636000000   0.462670443000000
   0.876171622000000   0.462626302000000
   0.876211334000000   0.462577589000000
   0.876255972000000   0.462522830000000
   0.876306866000000   0.462460394000000
   0.876365432000000   0.462388540000000
   0.876435186000000   0.462302955000000
   0.876517945000000   0.462201405000000
   0.876619525000000   0.462076746000000
   0.876746212000000   0.461921256000000
   0.876910115000000   0.461720055000000
   0.877128273000000   0.461452195000000
   0.877430809000000   0.461080623000000
   0.877906669000000   0.460495916000000
   0.878597978000000   0.459645915000000
   0.879596878000000   0.458416533000000
   0.881115007000000   0.456545441000000
   0.883075281000000   0.454124633000000
   0.885351979000000   0.451306312000000
   0.887828062000000   0.448232932000000
   0.890432042000000   0.444991545000000
   0.893128118000000   0.441625515000000
   0.895848948000000   0.438218263000000
   0.898586790000000   0.434779247000000
   0.901332449000000   0.431319872000000
   0.904072499000000   0.427857042000000
   0.906804070000000   0.424394465000000
   0.909524478000000   0.420935657000000
   0.912218107000000   0.417500687000000
   0.914891137000000   0.414081946000000
   0.917542945000000   0.410680461000000
   0.920144261000000   0.407334177000000
   0.922702276000000   0.404034357000000
   0.925216142000000   0.400782564000000
   0.927623905000000   0.397659723000000
   0.929903013000000   0.394696270000000
   0.932036490000000   0.391915587000000
   0.933914139000000   0.389463067000000
   0.935393191000000   0.387527705000000
   0.936477812000000   0.386106515000000
   0.937242122000000   0.385104044000000
   0.937777725000000   0.384401057000000
   0.938121393000000   0.383949777000000
   0.938367464000000   0.383626551000000
   0.938550148000000   0.383386534000000
   0.938690747000000   0.383201777000000
   0.938801726000000   0.383055924000000
   0.938891834000000   0.382937486000000
   0.938966450000000   0.382839404000000
   0.939029664000000   0.382756303000000
   0.939083198000000   0.382685923000000
   0.939130057000000   0.382624315000000
   0.939170646000000   0.382570948000000
   0.939206533000000   0.382523762000000
   0.939239414000000   0.382480527000000
   0.939268939000000   0.382441702000000
   0.939295517000000   0.382406753000000
   0.939320523000000   0.382373868000000
   0.939343066000000   0.382344223000000
   0.939364239000000   0.382316379000000
   0.939384566000000   0.382289647000000
   0.939402597000000   0.382265933000000
   0.939420628000000   0.382242219000000
   0.939437478000000   0.382220057000000
   0.939453063000000   0.382199559000000
   0.939468648000000   0.382179061000000
   0.939483782000000   0.382159156000000
   0.939497621000000   0.382140955000000
   0.939511459000000   0.382122753000000
   0.939525298000000   0.382104551000000
   0.939538482000000   0.382087209000000
   0.939551276000000   0.382070380000000
   0.939564070000000   0.382053550000000
   0.939576865000000   0.382036721000000
   0.939589421000000   0.382020203000000
   0.939601876000000   0.382003821000000
   0.939614330000000   0.381987438000000
   0.939626784000000   0.381971055000000
   0.939639480000000   0.381954354000000
   0.939652298000000   0.381937491000000
   0.939665116000000   0.381920629000000
   0.939677934000000   0.381903766000000
   0.939691546000000   0.381885859000000
   0.939705431000000   0.381867592000000
   0.939719316000000   0.381849325000000
   0.939733422000000   0.381830767000000
   0.939749076000000   0.381810173000000
   0.939764729000000   0.381789578000000
   0.939780382000000   0.381768983000000
   0.939798292000000   0.381745420000000
   0.939816412000000   0.381721579000000
   0.939834978000000   0.381697150000000
   0.939856258000000   0.381669150000000
   0.939877538000000   0.381641150000000
   0.939901819000000   0.381609199000000
   0.939926948000000   0.381576133000000
   0.939955610000000   0.381538416000000
   0.939986238000000   0.381498111000000
   0.940027196000000   0.381444210000000
   0.940068154000000   0.381390306000000
   0.940109112000000   0.381336400000000
   0.940158518000000   0.381271372000000
   0.940226173000000   0.381182320000000
   0.940293828000000   0.381093262000000
   0.940370741000000   0.380992008000000
   0.940478953000000   0.380849538000000
   0.940602061000000   0.380687433000000
   0.940760344000000   0.380478982000000
   0.940976520000000   0.380194233000000
   0.941277698000000   0.379797407000000
   0.941696346000000   0.379245594000000
   0.942306464000000   0.378440970000000
   0.943257680000000   0.377185464000000
   0.944541301000000   0.375489211000000
   0.946177009000000   0.373324347000000
   0.948036809000000   0.370858346000000
   0.950139752000000   0.368064116000000
   0.952322773000000   0.365156935000000
   0.954559858000000   0.362170835000000
   0.956841477000000   0.359118071000000
   0.959122805000000   0.356058411000000
   0.961403814000000   0.352991894000000
   0.963653677000000   0.349960114000000
   0.965880365000000   0.346952585000000
   0.968051717000000   0.344013111000000
   0.970138972000000   0.341181263000000
   0.972171504000000   0.338417797000000
   0.973973555000000   0.335962860000000
   0.975605967000000   0.333735098000000
   0.977013033000000   0.331811874000000
   0.978034449000000   0.330414032000000
   0.978747610000000   0.329437181000000
   0.979278802000000   0.328709119000000
   0.979584840000000   0.328289479000000
   0.979890878000000   0.327869707000000
   0.980088665000000   0.327598346000000
   0.980231745000000   0.327402008000000
   0.980345563000000   0.327245804000000
   0.980437250000000   0.327119959000000
   0.980513151000000   0.327015773000000
   0.980576727000000   0.326928498000000
   0.980631144000000   0.326853792000000
   0.980678327000000   0.326789013000000
   0.980719542000000   0.326732426000000
   0.980756014000000   0.326682349000000
   0.980788904000000   0.326637188000000
   0.980818316000000   0.326596802000000
   0.980844514000000   0.326560828000000
   0.980869607000000   0.326526370000000
   0.980891169000000   0.326496760000000
   0.980912689000000   0.326467207000000
   0.980931082000000   0.326441948000000
   0.980949475000000   0.326416689000000
   0.980966169000000   0.326393763000000
   0.980981901000000   0.326372156000000
   0.980997634000000   0.326350550000000
   0.981011514000000   0.326331486000000
   0.981025099000000   0.326312828000000
   0.981038684000000   0.326294170000000
   0.981051213000000   0.326276962000000
   0.981063166000000   0.326260545000000
   0.981075119000000   0.326244128000000
   0.981087072000000   0.326227710000000
   0.981097918000000   0.326212812000000
   0.981108757000000   0.326197925000000
   0.981119595000000   0.326183038000000
   0.981130434000000   0.326168151000000
   0.981140698000000   0.326154051000000
   0.981150941000000   0.326139981000000
   0.981161184000000   0.326125911000000
   0.981171427000000   0.326111841000000
   0.981181617000000   0.326097844000000
   0.981191784000000   0.326083878000000
   0.981201951000000   0.326069912000000
   0.981212118000000   0.326055946000000
   0.981222464000000   0.326041734000000
   0.981233074000000   0.326027158000000
   0.981243685000000   0.326012582000000
   0.981254295000000   0.325998006000000
   0.981265181000000   0.325983051000000
   0.981276753000000   0.325967153000000
   0.981288326000000   0.325951255000000
   0.981299899000000   0.325935356000000
   0.981312228000000   0.325918417000000
   0.981325280000000   0.325900486000000
   0.981338332000000   0.325882555000000
   0.981351713000000   0.325864170000000
   0.981366759000000   0.325843499000000
   0.981381804000000   0.325822828000000
   0.981397507000000   0.325801253000000
   0.981415059000000   0.325777138000000
   0.981432610000000   0.325753023000000
   0.981452492000000   0.325725704000000
   0.981473057000000   0.325697447000000
   0.981495907000000   0.325666049000000
   0.981519989000000   0.325632958000000
   0.981547427000000   0.325595253000000
   0.981576794000000   0.325554899000000
   0.981609399000000   0.325510092000000
   0.981646708000000   0.325458818000000
   0.981688578000000   0.325401275000000
   0.981736206000000   0.325335816000000
   0.981791429000000   0.325259913000000
   0.981856536000000   0.325170420000000
   0.981933583000000   0.325064507000000
   0.982026910000000   0.324936203000000
   0.982141893000000   0.324778112000000
   0.982287658000000   0.324577670000000
   0.982476253000000   0.324318289000000
   0.982766304000000   0.323919274000000
   0.983117737000000   0.323435660000000
   0.983616758000000   0.322748651000000
   0.984321241000000   0.321778186000000
   0.985295372000000   0.320435121000000
   0.986588555000000   0.318650116000000
   0.988024877000000   0.316664789000000
   0.989611319000000   0.314468606000000
   0.991227204000000   0.312228041000000
   0.992824060000000   0.310010270000000
   0.994275088000000   0.307991934000000
   0.995548138000000   0.306218733000000
   0.996573328000000   0.304789121000000
   0.997348985000000   0.303706502000000
   0.997918383000000   0.302911231000000
   0.998300804000000   0.302376853000000
   0.998579766000000   0.301986916000000
   0.998789333000000   0.301693908000000
   0.998950142000000   0.301469029000000
   0.999075923000000   0.301293110000000
   0.999178652000000   0.301149415000000
   0.999263044000000   0.301031358000000
   0.999333032000000   0.300933443000000
   0.999392595000000   0.300850108000000
   0.999445643000000   0.300775885000000
   0.999489387000000   0.300714675000000
   0.999529970000000   0.300657887000000
   0.999564101000000   0.300610126000000
   0.999598231000000   0.300562363000000
   0.999624455000000   0.300525664000000
   0.999650508000000   0.300489204000000
   0.999676560000000   0.300452742000000
   0.999696757000000   0.300424475000000
   0.999716304000000   0.300397118000000
   0.999735851000000   0.300369760000000
   0.999755397000000   0.300342402000000
   0.999771037000000   0.300320512000000
   0.999785678000000   0.300300018000000
   0.999800320000000   0.300279524000000
   0.999814962000000   0.300259029000000
   0.999829604000000   0.300238535000000
   0.999843200000000   0.300219503000000
   0.999854559000000   0.300203602000000
   0.999865919000000   0.300187701000000
   0.999877278000000   0.300171800000000
   0.999888637000000   0.300155899000000
   0.999899997000000   0.300139998000000
   0.999911356000000   0.300124096000000
   0.999922292000000   0.300108787000000
   0.999932005000000   0.300095189000000
   0.999941719000000   0.300081591000000
   0.999951432000000   0.300067993000000
   0.999961146000000   0.300054395000000
   0.999970859000000   0.300040796000000
   0.999980573000000   0.300027198000000
   0.999990286000000   0.300013599000000
   1.000000000000000   0.300000000000000
