   % sqrt(\psi_p)               q
   0.000005212703820   1.800413550000000
   0.005212703820000   1.801253680000000
   0.010422865500000   1.802532440000000
   0.015630652400000   1.803835970000000
   0.020836039600000   1.805154180000000
   0.026038711200000   1.806440770000000
   0.031239204600000   1.807666370000000
   0.036437663200000   1.808848320000000
   0.041634177100000   1.809999430000000
   0.046828518500000   1.811131240000000
   0.052021011500000   1.812271150000000
   0.057211571700000   1.813484440000000
   0.062399979000000   1.814818040000000
   0.067585552200000   1.816281860000000
   0.072768333300000   1.817876440000000
   0.077948086400000   1.819609630000000
   0.083124574500000   1.821451670000000
   0.088297171200000   1.823369170000000
   0.093466195700000   1.825308090000000
   0.098631854600000   1.827211910000000
   0.103794349000000   1.829047150000000
   0.108953613000000   1.830815090000000
   0.114110013000000   1.832544440000000
   0.119263775000000   1.834274120000000
   0.124414870000000   1.836052490000000
   0.129562905000000   1.837943880000000
   0.134707493000000   1.839983650000000
   0.139848566000000   1.842166590000000
   0.144985856000000   1.844466310000000
   0.150119065000000   1.846835650000000
   0.155247750000000   1.849234690000000
   0.160372459000000   1.851634040000000
   0.165493274000000   1.854021270000000
   0.170610287000000   1.856393720000000
   0.175723098000000   1.858753770000000
   0.180832215000000   1.861103870000000
   0.185937789000000   1.863443040000000
   0.191039893000000   1.865766090000000
   0.196138398000000   1.868058450000000
   0.201233411000000   1.870300130000000
   0.206325397000000   1.872478320000000
   0.211414538000000   1.874594650000000
   0.216500992000000   1.876667470000000
   0.221584474000000   1.878727160000000
   0.226665365000000   1.880803340000000
   0.231743619000000   1.882922350000000
   0.236819131000000   1.885098130000000
   0.241891591000000   1.887328620000000
   0.246960818000000   1.889597900000000
   0.252027035000000   1.891876140000000
   0.257090288000000   1.894130170000000
   0.262150671000000   1.896346380000000
   0.267207969000000   1.898525780000000
   0.272262533000000   1.900689160000000
   0.277314442000000   1.902869060000000
   0.282363633000000   1.905089320000000
   0.287409928000000   1.907364450000000
   0.292452875000000   1.909694100000000
   0.297492731000000   1.912060290000000
   0.302529448000000   1.914434500000000
   0.307563034000000   1.916787510000000
   0.312593368000000   1.919100470000000
   0.317620480000000   1.921373560000000
   0.322644674000000   1.923625140000000
   0.327665922000000   1.925892810000000
   0.332684100000000   1.928208740000000
   0.337698691000000   1.930589980000000
   0.342709560000000   1.933039000000000
   0.347716656000000   1.935538230000000
   0.352719783000000   1.938061770000000
   0.357718778000000   1.940587010000000
   0.362712982000000   1.943093360000000
   0.367702575000000   1.945569030000000
   0.372687473000000   1.948019840000000
   0.377667361000000   1.950461150000000
   0.382641784000000   1.952918610000000
   0.387609212000000   1.955417480000000
   0.392569286000000   1.957975030000000
   0.397520892000000   1.960593350000000
   0.402462442000000   1.963266410000000
   0.407391829000000   1.965987120000000
   0.412303539000000   1.968754260000000
   0.417194421000000   1.971578770000000
   0.422057460000000   1.974483170000000
   0.426881430000000   1.977492750000000
   0.431646505000000   1.980634040000000
   0.436301138000000   1.983914000000000
   0.440780271000000   1.987292990000000
   0.444945962000000   1.990640560000000
   0.448501579000000   1.993655240000000
   0.451046107000000   1.995900060000000
   0.452611500000000   1.997315950000000
   0.453460422000000   1.998094660000000
   0.453961728000000   1.998558060000000
   0.454288266000000   1.998861320000000
   0.454512054000000   1.999069790000000
   0.454679173000000   1.999225810000000
   0.454813063000000   1.999351010000000
   0.454909075000000   1.999440910000000
   0.455002374000000   1.999528360000000
   0.455073895000000   1.999595460000000
   0.455136323000000   1.999654070000000
   0.455191837000000   1.999706230000000
   0.455242052000000   1.999753430000000
   0.455288295000000   1.999796920000000
   0.455331471000000   1.999837550000000
   0.455371674000000   1.999875400000000
   0.455410532000000   1.999911990000000
   0.455448389000000   1.999947660000000
   0.455485332000000   1.999982480000000
   0.455522202000000   2.000017250000000
   0.455559207000000   2.000052160000000
   0.455596923000000   2.000087750000000
   0.455636016000000   2.000124660000000
   0.455676603000000   2.000163000000000
   0.455719268000000   2.000203310000000
   0.455765523000000   2.000247040000000
   0.455815989000000   2.000294780000000
   0.455871682000000   2.000347490000000
   0.455934158000000   2.000406660000000
   0.456007012000000   2.000475710000000
   0.456091877000000   2.000556200000000
   0.456194951000000   2.000654080000000
   0.456322876000000   2.000775690000000
   0.456489228000000   2.000934100000000
   0.456715162000000   2.001149680000000
   0.457040101000000   2.001460650000000
   0.457552578000000   2.001953270000000
   0.458432440000000   2.002805230000000
   0.459953460000000   2.004296290000000
   0.462496970000000   2.006840830000000
   0.466043121000000   2.010493640000000
   0.470155356000000   2.014881070000000
   0.474581323000000   2.019786080000000
   0.479185471000000   2.025094820000000
   0.483873084000000   2.030721220000000
   0.488606741000000   2.036635160000000
   0.493367050000000   2.042824120000000
   0.498142127000000   2.049282650000000
   0.502924436000000   2.056005340000000
   0.507708249000000   2.062986410000000
   0.512489865000000   2.070222410000000
   0.517266830000000   2.077711370000000
   0.522037252000000   2.085452260000000
   0.526799634000000   2.093445150000000
   0.531552453000000   2.101691060000000
   0.536293996000000   2.110190790000000
   0.541024242000000   2.118947310000000
   0.545742452000000   2.127961790000000
   0.550447969000000   2.137235940000000
   0.555140195000000   2.146771030000000
   0.559818587000000   2.156567730000000
   0.564482640000000   2.166627370000000
   0.569130507000000   2.176948860000000
   0.573762977000000   2.187536380000000
   0.578379750000000   2.198391150000000
   0.582980438000000   2.209514880000000
   0.587564669000000   2.220909800000000
   0.592132089000000   2.232577590000000
   0.596682355000000   2.244519060000000
   0.601215142000000   2.256735770000000
   0.605730133000000   2.269229970000000
   0.610226750000000   2.282002570000000
   0.614703959000000   2.295052060000000
   0.619162507000000   2.308382720000000
   0.623602121000000   2.321996780000000
   0.628022537000000   2.335896020000000
   0.632423500000000   2.350081110000000
   0.636804759000000   2.364553210000000
   0.641166074000000   2.379314410000000
   0.645507205000000   2.394366460000000
   0.649827920000000   2.409709940000000
   0.654127991000000   2.425345680000000
   0.658407192000000   2.441275570000000
   0.662665298000000   2.457501200000000
   0.666902083000000   2.474023000000000
   0.671117322000000   2.490841400000000
   0.675310784000000   2.507957930000000
   0.679482227000000   2.525373840000000
   0.683631401000000   2.543089130000000
   0.687758037000000   2.561103660000000
   0.691861842000000   2.579418240000000
   0.695942491000000   2.598033250000000
   0.699999614000000   2.616947690000000
   0.704032777000000   2.636160100000000
   0.708041468000000   2.655669570000000
   0.712025057000000   2.675474120000000
   0.715982753000000   2.695569710000000
   0.719913548000000   2.715950870000000
   0.723816111000000   2.736611040000000
   0.727688643000000   2.757540010000000
   0.731528668000000   2.778722110000000
   0.735332619000000   2.800134420000000
   0.739095283000000   2.821744020000000
   0.742808689000000   2.843498220000000
   0.746460145000000   2.865311420000000
   0.750028822000000   2.887041970000000
   0.753477512000000   2.908437410000000
   0.756729025000000   2.928972410000000
   0.759657164000000   2.947771520000000
   0.762081579000000   2.963559550000000
   0.763765230000000   2.974644030000000
   0.764908429000000   2.982227320000000
   0.765591893000000   2.986783180000000
   0.766021761000000   2.989657150000000
   0.766313056000000   2.991608440000000
   0.766521896000000   2.993009260000000
   0.766677239000000   2.994052250000000
   0.766799089000000   2.994870980000000
   0.766896643000000   2.995526840000000
   0.766976036000000   2.996060860000000
   0.767043113000000   2.996512210000000
   0.767103069000000   2.996915790000000
   0.767151490000000   2.997241820000000
   0.767198074000000   2.997555550000000
   0.767236278000000   2.997812910000000
   0.767274482000000   2.998070320000000
   0.767306863000000   2.998288540000000
   0.767337373000000   2.998494180000000
   0.767367882000000   2.998699850000000
   0.767394679000000   2.998880520000000
   0.767420048000000   2.999051600000000
   0.767445418000000   2.999222690000000
   0.767470605000000   2.999392590000000
   0.767493496000000   2.999547000000000
   0.767516386000000   2.999701430000000
   0.767539276000000   2.999855890000000
   0.767562006000000   3.000009280000000
   0.767584601000000   3.000161780000000
   0.767607197000000   3.000314300000000
   0.767630120000000   3.000469060000000
   0.767654158000000   3.000631350000000
   0.767678195000000   3.000793670000000
   0.767702582000000   3.000958360000000
   0.767729748000000   3.001141850000000
   0.767756915000000   3.001325370000000
   0.767785787000000   3.001520440000000
   0.767817760000000   3.001736500000000
   0.767849814000000   3.001953140000000
   0.767888259000000   3.002213030000000
   0.767927225000000   3.002476490000000
   0.767973787000000   3.002791380000000
   0.768024787000000   3.003136380000000
   0.768082511000000   3.003526970000000
   0.768150383000000   3.003986390000000
   0.768232195000000   3.004540380000000
   0.768331935000000   3.005216110000000
   0.768454430000000   3.006046490000000
   0.768613945000000   3.007128640000000
   0.768826384000000   3.008571260000000
   0.769124672000000   3.010599620000000
   0.769565430000000   3.013602720000000
   0.770258405000000   3.018338610000000
   0.771389246000000   3.026104730000000
   0.773177657000000   3.038482990000000
   0.775546861000000   3.055064390000000
   0.778375581000000   3.075138930000000
   0.781478819000000   3.097515350000000
   0.784736393000000   3.121410900000000
   0.788079143000000   3.146371320000000
   0.791464100000000   3.172109350000000
   0.794866204000000   3.198457240000000
   0.798274042000000   3.225343310000000
   0.801680160000000   3.252719650000000
   0.805079538000000   3.280553560000000
   0.808468697000000   3.308824810000000
   0.811843164000000   3.337503420000000
   0.815200388000000   3.366571880000000
   0.818540811000000   3.396036350000000
   0.821863477000000   3.425893360000000
   0.825167556000000   3.456140190000000
   0.828452311000000   3.486773460000000
   0.831710013000000   3.517721150000000
   0.834945602000000   3.549031850000000
   0.838158120000000   3.580698560000000
   0.841346379000000   3.612710410000000
   0.844507918000000   3.645042700000000
   0.847630374000000   3.677565970000000
   0.850718259000000   3.710320970000000
   0.853766314000000   3.743244340000000
   0.856767688000000   3.776252240000000
   0.859695203000000   3.809025960000000
   0.862515427000000   3.841151650000000
   0.865195290000000   3.872192740000000
   0.867671865000000   3.901335720000000
   0.869847441000000   3.927307330000000
   0.871540204000000   3.947759650000000
   0.872738378000000   3.962367500000000
   0.873502002000000   3.971734780000000
   0.874009851000000   3.977989360000000
   0.874347990000000   3.982164880000000
   0.874581282000000   3.985050870000000
   0.874780235000000   3.987515410000000
   0.874910717000000   3.989133440000000
   0.875029751000000   3.990610660000000
   0.875116836000000   3.991692100000000
   0.875188543000000   3.992583030000000
   0.875250152000000   3.993348800000000
   0.875302819000000   3.994003660000000
   0.875348800000000   3.994575580000000
   0.875389334000000   3.995079870000000
   0.875425202000000   3.995526220000000
   0.875457887000000   3.995933070000000
   0.875488383000000   3.996312720000000
   0.875515254000000   3.996647310000000
   0.875540945000000   3.996967270000000
   0.875564472000000   3.997260320000000
   0.875586970000000   3.997540590000000
   0.875607766000000   3.997799690000000
   0.875628263000000   3.998055110000000
   0.875646943000000   3.998287910000000
   0.875665623000000   3.998520730000000
   0.875683326000000   3.998741410000000
   0.875700509000000   3.998955620000000
   0.875717691000000   3.999169850000000
   0.875734042000000   3.999373740000000
   0.875750347000000   3.999577070000000
   0.875766627000000   3.999780110000000
   0.875782674000000   3.999980280000000
   0.875798721000000   4.000180460000000
   0.875814841000000   4.000381560000000
   0.875831252000000   4.000586320000000
   0.875847663000000   4.000791110000000
   0.875864433000000   4.001000400000000
   0.875881828000000   4.001217500000000
   0.875899222000000   4.001434630000000
   0.875917727000000   4.001665640000000
   0.875936725000000   4.001902830000000
   0.875956267000000   4.002146850000000
   0.875977483000000   4.002411810000000
   0.875998854000000   4.002678730000000
   0.876022903000000   4.002979150000000
   0.876047370000000   4.003284830000000
   0.876074862000000   4.003628370000000
   0.876104096000000   4.003993740000000
   0.876135636000000   4.004388010000000
   0.876171622000000   4.004837960000000
   0.876211334000000   4.005334600000000
   0.876255972000000   4.005893000000000
   0.876306866000000   4.006529860000000
   0.876365432000000   4.007262970000000
   0.876435186000000   4.008136480000000
   0.876517945000000   4.009173350000000
   0.876619525000000   4.010446770000000
   0.876746212000000   4.012036080000000
   0.876910115000000   4.014094190000000
   0.877128273000000   4.016836880000000
   0.877430809000000   4.020646670000000
   0.877906669000000   4.026653980000000
   0.878597978000000   4.035413690000000
   0.879596878000000   4.048139550000000
   0.881115007000000   4.067637250000000
   0.883075281000000   4.093097420000000
   0.885351979000000   4.123076040000000
   0.887828062000000   4.156189570000000
   0.890432042000000   4.191601920000000
   0.893128118000000   4.228920180000000
   0.895848948000000   4.267272720000000
   0.898586790000000   4.306585710000000
   0.901332449000000   4.346761160000000
   0.904072499000000   4.387627190000000
   0.906804070000000   4.429156470000000
   0.909524478000000   4.471324140000000
   0.912218107000000   4.513898380000000
   0.914891137000000   4.556981650000000
   0.917542945000000   4.600569020000000
   0.920144261000000   4.644173140000000
   0.922702276000000   4.687896990000000
   0.925216142000000   4.731707050000000
   0.927623905000000   4.774475030000000
   0.929903013000000   4.815710090000000
   0.932036490000000   4.854993770000000
   0.933914139000000   4.890127610000000
   0.935393191000000   4.918181410000000
   0.936477812000000   4.938970170000000
   0.937242122000000   4.953731160000000
   0.937777725000000   4.964130840000000
   0.938121393000000   4.970828140000000
   0.938367464000000   4.975635280000000
   0.938550148000000   4.979210500000000
   0.938690747000000   4.981965790000000
   0.938801726000000   4.984142910000000
   0.938891834000000   4.985912110000000
   0.938966450000000   4.987378110000000
   0.939029664000000   4.988620830000000
   0.939083198000000   4.989673760000000
   0.939130057000000   4.990595790000000
   0.939170646000000   4.991394740000000
   0.939206533000000   4.992101350000000
   0.939239414000000   4.992748970000000
   0.939268939000000   4.993330650000000
   0.939295517000000   4.993854380000000
   0.939320523000000   4.994347260000000
   0.939343066000000   4.994791660000000
   0.939364239000000   4.995209140000000
   0.939384566000000   4.995610000000000
   0.939402597000000   4.995965640000000
   0.939420628000000   4.996321340000000
   0.939437478000000   4.996653800000000
   0.939453063000000   4.996961330000000
   0.939468648000000   4.997268900000000
   0.939483782000000   4.997567610000000
   0.939497621000000   4.997840790000000
   0.939511459000000   4.998113990000000
   0.939525298000000   4.998387230000000
   0.939538482000000   4.998647570000000
   0.939551276000000   4.998900250000000
   0.939564070000000   4.999152950000000
   0.939576865000000   4.999405690000000
   0.939589421000000   4.999653750000000
   0.939601876000000   4.999899810000000
   0.939614330000000   5.000145900000000
   0.939626784000000   5.000392010000000
   0.939639480000000   5.000642930000000
   0.939652298000000   5.000896290000000
   0.939665116000000   5.001149680000000
   0.939677934000000   5.001403090000000
   0.939691546000000   5.001672230000000
   0.939705431000000   5.001946800000000
   0.939719316000000   5.002221410000000
   0.939733422000000   5.002500410000000
   0.939749076000000   5.002810060000000
   0.939764729000000   5.003119750000000
   0.939780382000000   5.003429490000000
   0.939798292000000   5.003783900000000
   0.939816412000000   5.004142550000000
   0.939834978000000   5.004510080000000
   0.939856258000000   5.004931400000000
   0.939877538000000   5.005352800000000
   0.939901819000000   5.005833720000000
   0.939926948000000   5.006331530000000
   0.939955610000000   5.006899480000000
   0.939986238000000   5.007506520000000
   0.940027196000000   5.008318550000000
   0.940068154000000   5.009130860000000
   0.940109112000000   5.009943450000000
   0.940158518000000   5.010924020000000
   0.940226173000000   5.012267430000000
   0.940293828000000   5.013611610000000
   0.940370741000000   5.015140660000000
   0.940478953000000   5.017293610000000
   0.940602061000000   5.019745340000000
   0.940760344000000   5.022901300000000
   0.940976520000000   5.027218360000000
   0.941277698000000   5.033246050000000
   0.941696346000000   5.041650250000000
   0.942306464000000   5.053951550000000
   0.943257680000000   5.073257860000000
   0.944541301000000   5.099561130000000
   0.946177009000000   5.133504410000000
   0.948036809000000   5.172690380000000
   0.950139752000000   5.217778110000000
   0.952322773000000   5.265482220000000
   0.954559858000000   5.315354000000000
   0.956841477000000   5.367284940000000
   0.959122805000000   5.420323290000000
   0.961403814000000   5.474506630000000
   0.963653677000000   5.529120630000000
   0.965880365000000   5.584361410000000
   0.968051717000000   5.639412320000000
   0.970138972000000   5.693477230000000
   0.972171504000000   5.747244860000000
   0.973973555000000   5.795868470000000
   0.975605967000000   5.840711540000000
   0.977013033000000   5.879991800000000
   0.978034449000000   5.908881240000000
   0.978747610000000   5.929243460000000
   0.979278802000000   5.944513950000000
   0.979584840000000   5.953352410000000
   0.979890878000000   5.962220690000000
   0.980088665000000   5.967968040000000
   0.980231745000000   5.972133500000000
   0.980345563000000   5.975451790000000
   0.980437250000000   5.978127930000000
   0.980513151000000   5.980345330000000
   0.980576727000000   5.982204130000000
   0.980631144000000   5.983796180000000
   0.980678327000000   5.985177380000000
   0.980719542000000   5.986384450000000
   0.980756014000000   5.987453070000000
   0.980788904000000   5.988417140000000
   0.980818316000000   5.989279530000000
   0.980844514000000   5.990047930000000
   0.980869607000000   5.990784140000000
   0.980891169000000   5.991416920000000
   0.980912689000000   5.992048610000000
   0.980931082000000   5.992588620000000
   0.980949475000000   5.993128740000000
   0.980966169000000   5.993619070000000
   0.980981901000000   5.994081250000000
   0.980997634000000   5.994543510000000
   0.981011514000000   5.994951420000000
   0.981025099000000   5.995350700000000
   0.981038684000000   5.995750050000000
   0.981051213000000   5.996118400000000
   0.981063166000000   5.996469870000000
   0.981075119000000   5.996821380000000
   0.981087072000000   5.997172940000000
   0.981097918000000   5.997492000000000
   0.981108757000000   5.997810860000000
   0.981119595000000   5.998129760000000
   0.981130434000000   5.998448700000000
   0.981140698000000   5.998750800000000
   0.981150941000000   5.999052280000000
   0.981161184000000   5.999353800000000
   0.981171427000000   5.999655360000000
   0.981181617000000   5.999955380000000
   0.981191784000000   6.000254770000000
   0.981201951000000   6.000554190000000
   0.981212118000000   6.000853640000000
   0.981222464000000   6.001158390000000
   0.981233074000000   6.001470980000000
   0.981243685000000   6.001783600000000
   0.981254295000000   6.002096270000000
   0.981265181000000   6.002417090000000
   0.981276753000000   6.002758180000000
   0.981288326000000   6.003099320000000
   0.981299899000000   6.003440510000000
   0.981312228000000   6.003804070000000
   0.981325280000000   6.004188970000000
   0.981338332000000   6.004573920000000
   0.981351713000000   6.004968670000000
   0.981366759000000   6.005412560000000
   0.981381804000000   6.005856540000000
   0.981397507000000   6.006319990000000
   0.981415059000000   6.006838090000000
   0.981432610000000   6.007356280000000
   0.981452492000000   6.007943450000000
   0.981473057000000   6.008550880000000
   0.981495907000000   6.009225990000000
   0.981519989000000   6.009937670000000
   0.981547427000000   6.010748790000000
   0.981576794000000   6.011617180000000
   0.981609399000000   6.012581670000000
   0.981646708000000   6.013685750000000
   0.981688578000000   6.014925340000000
   0.981736206000000   6.016336100000000
   0.981791429000000   6.017972790000000
   0.981856536000000   6.019903740000000
   0.981933583000000   6.022190600000000
   0.982026910000000   6.024963340000000
   0.982141893000000   6.028383460000000
   0.982287658000000   6.032725560000000
   0.982476253000000   6.038354120000000
   0.982766304000000   6.047034060000000
   0.983117737000000   6.057589150000000
   0.983616758000000   6.072649600000000
   0.984321241000000   6.094057640000000
   0.985295372000000   6.123947090000000
   0.986588555000000   6.164151560000000
   0.988024877000000   6.209522720000000
   0.989611319000000   6.260541270000000
   0.991227204000000   6.313526400000000
   0.992824060000000   6.366941360000000
   0.994275088000000   6.416420940000000
   0.995548138000000   6.460592400000000
   0.996573328000000   6.496696600000000
   0.997348985000000   6.524337070000000
   0.997918383000000   6.544808870000000
   0.998300804000000   6.558645730000000
   0.998579766000000   6.568784010000000
   0.998789333000000   6.576425400000000
   0.998950142000000   6.582303600000000
   0.999075923000000   6.586910300000000
   0.999178652000000   6.590678560000000
   0.999263044000000   6.593778140000000
   0.999333032000000   6.596351380000000
   0.999392595000000   6.598543250000000
   0.999445643000000   6.600496860000000
   0.999489387000000   6.602108920000000
   0.999529970000000   6.603605330000000
   0.999564101000000   6.604864460000000
   0.999598231000000   6.606124170000000
   0.999624455000000   6.607092470000000
   0.999650508000000   6.608054780000000
   0.999676560000000   6.609017440000000
   0.999696757000000   6.609763960000000
   0.999716304000000   6.610486640000000
   0.999735851000000   6.611209520000000
   0.999755397000000   6.611932590000000
   0.999771037000000   6.612511260000000
   0.999785678000000   6.613053130000000
   0.999800320000000   6.613595110000000
   0.999814962000000   6.614137200000000
   0.999829604000000   6.614679390000000
   0.999843200000000   6.615182970000000
   0.999854559000000   6.615603770000000
   0.999865919000000   6.616024640000000
   0.999877278000000   6.616445570000000
   0.999888637000000   6.616866560000000
   0.999899997000000   6.617287620000000
   0.999911356000000   6.617708750000000
   0.999922292000000   6.618114230000000
   0.999932005000000   6.618474450000000
   0.999941719000000   6.618834720000000
   0.999951432000000   6.619195030000000
   0.999961146000000   6.619555390000000
   0.999970859000000   6.619915800000000
   0.999980573000000   6.620276260000000
   0.999990286000000   6.620636770000000
   1.000000000000000   6.620997320000000