   0.0000000e+00   1.1776392e+00
   3.1250000e-02   1.1709927e+00
   6.2500000e-02   1.1583045e+00
   9.3750000e-02   1.1466706e+00
   1.2500000e-01   1.1347718e+00
   1.5625000e-01   1.1292107e+00
   1.8750000e-01   1.1289750e+00
   2.1875000e-01   1.1256247e+00
   2.5000000e-01   1.1254430e+00
   2.8125000e-01   1.1216996e+00
   3.1250000e-01   1.1212260e+00
   3.4375000e-01   1.1211728e+00
   3.7500000e-01   1.1052750e+00
   4.0625000e-01   1.0830836e+00
   4.3750000e-01   1.0572195e+00
   4.6875000e-01   1.0298348e+00
   5.0000000e-01   1.0019608e+00
   5.3125000e-01   9.7219262e-01
   5.6250000e-01   9.3853566e-01
   5.9375000e-01   8.9987787e-01
   6.2500000e-01   8.5651333e-01
   6.5625000e-01   8.1130460e-01
   6.8750000e-01   7.6876164e-01
   7.1875000e-01   7.3218318e-01
   7.5000000e-01   7.0381886e-01
   7.8125000e-01   6.8268792e-01
   8.1250000e-01   6.7001614e-01
   8.4375000e-01   6.6612584e-01
   8.7500000e-01   6.5016917e-01
   9.0625000e-01   5.9863856e-01
   9.3750000e-01   5.0130435e-01
   9.6875000e-01   3.9196078e-01
   1.0000000e+00   1.6899443e-01
