  0.24940E+20
  0.24938E+20
  0.24936E+20
  0.24935E+20
  0.24935E+20
  0.24935E+20
  0.24936E+20
  0.24936E+20
  0.24937E+20
  0.24938E+20
  0.24938E+20
  0.24939E+20
  0.24939E+20
  0.24940E+20
  0.24939E+20
  0.24938E+20
  0.24937E+20
  0.24935E+20
  0.24932E+20
  0.24928E+20
  0.24924E+20
  0.24918E+20
  0.24911E+20
  0.24904E+20
  0.24894E+20
  0.24884E+20
  0.24872E+20
  0.24858E+20
  0.24843E+20
  0.24826E+20
  0.24808E+20
  0.24787E+20
  0.24764E+20
  0.24740E+20
  0.24713E+20
  0.24684E+20
  0.24653E+20
  0.24619E+20
  0.24582E+20
  0.24544E+20
  0.24502E+20
  0.24458E+20
  0.24410E+20
  0.24360E+20
  0.24307E+20
  0.24251E+20
  0.24191E+20
  0.24128E+20
  0.24062E+20
  0.23992E+20
  0.23919E+20
  0.23842E+20
  0.23761E+20
  0.23677E+20
  0.23588E+20
  0.23496E+20
  0.23400E+20
  0.23299E+20
  0.23194E+20
  0.23085E+20
  0.22971E+20
  0.22853E+20
  0.22730E+20
  0.22602E+20
  0.22470E+20
  0.22332E+20
  0.22190E+20
  0.22043E+20
  0.21890E+20
  0.21733E+20
  0.21570E+20
  0.21401E+20
  0.21227E+20
  0.21048E+20
  0.20862E+20
  0.20672E+20
  0.20475E+20
  0.20272E+20
  0.20063E+20
  0.19848E+20
  0.19627E+20
  0.19400E+20
  0.19166E+20
  0.18926E+20
  0.18679E+20
  0.18426E+20
  0.18166E+20
  0.17899E+20
  0.17625E+20
  0.17344E+20
  0.17056E+20
  0.16761E+20
  0.16459E+20
  0.16149E+20
  0.15832E+20
  0.15507E+20
  0.15175E+20
  0.14835E+20
  0.14487E+20
  0.14132E+20
  0.13768E+20
  0.13396E+20
  0.13017E+20
  0.12629E+20
  0.12232E+20
  0.11828E+20
  0.11415E+20
  0.10993E+20
  0.10562E+20
  0.10123E+20
  0.96753E+19
  0.92184E+19
  0.87525E+19
  0.82774E+19
  0.77932E+19
  0.72997E+19
  0.67969E+19
  0.62845E+19
  0.57627E+19
  0.52312E+19
  0.46900E+19
  0.41390E+19
  0.35781E+19
  0.30072E+19
  0.24262E+19
  0.18351E+19
  0.12338E+19
  0.62210E+18
  0.00000E+00
