  0.27579E+20
  0.27570E+20
  0.27563E+20
  0.27558E+20
  0.27554E+20
  0.27553E+20
  0.27552E+20
  0.27553E+20
  0.27555E+20
  0.27559E+20
  0.27563E+20
  0.27568E+20
  0.27574E+20
  0.27580E+20
  0.27587E+20
  0.27594E+20
  0.27601E+20
  0.27609E+20
  0.27616E+20
  0.27624E+20
  0.27631E+20
  0.27637E+20
  0.27643E+20
  0.27649E+20
  0.27653E+20
  0.27657E+20
  0.27660E+20
  0.27661E+20
  0.27662E+20
  0.27660E+20
  0.27658E+20
  0.27654E+20
  0.27648E+20
  0.27640E+20
  0.27630E+20
  0.27618E+20
  0.27603E+20
  0.27587E+20
  0.27567E+20
  0.27545E+20
  0.27521E+20
  0.27493E+20
  0.27463E+20
  0.27429E+20
  0.27392E+20
  0.27352E+20
  0.27308E+20
  0.27261E+20
  0.27210E+20
  0.27155E+20
  0.27096E+20
  0.27033E+20
  0.26965E+20
  0.26894E+20
  0.26817E+20
  0.26736E+20
  0.26651E+20
  0.26560E+20
  0.26465E+20
  0.26364E+20
  0.26259E+20
  0.26147E+20
  0.26031E+20
  0.25909E+20
  0.25781E+20
  0.25647E+20
  0.25507E+20
  0.25361E+20
  0.25209E+20
  0.25050E+20
  0.24885E+20
  0.24714E+20
  0.24536E+20
  0.24350E+20
  0.24158E+20
  0.23959E+20
  0.23753E+20
  0.23539E+20
  0.23318E+20
  0.23089E+20
  0.22852E+20
  0.22608E+20
  0.22356E+20
  0.22095E+20
  0.21827E+20
  0.21550E+20
  0.21264E+20
  0.20970E+20
  0.20668E+20
  0.20356E+20
  0.20036E+20
  0.19706E+20
  0.19367E+20
  0.19019E+20
  0.18662E+20
  0.18295E+20
  0.17918E+20
  0.17531E+20
  0.17135E+20
  0.16728E+20
  0.16311E+20
  0.15884E+20
  0.15447E+20
  0.14999E+20
  0.14540E+20
  0.14070E+20
  0.13590E+20
  0.13098E+20
  0.12595E+20
  0.12081E+20
  0.11556E+20
  0.11018E+20
  0.10470E+20
  0.99091E+19
  0.93366E+19
  0.87520E+19
  0.81553E+19
  0.75463E+19
  0.69249E+19
  0.62909E+19
  0.56442E+19
  0.49848E+19
  0.43124E+19
  0.36270E+19
  0.29284E+19
  0.22166E+19
  0.14913E+19
  0.75247E+18
  0.00000E+00
