  EFITD    08/02/2006    # 48604  5001ms           3  33  33
 0.139999986E+01 0.240000010E+01 0.179999995E+01 0.120000005E+01 0.000000000E+01
 0.190312207E+01-0.459475908E-02-0.163954928E+00-0.456190854E-01-0.185719788E+01
 0.413816810E+00-0.163954928E+00 0.000000000E+01 0.190312207E+01 0.000000000E+01
-0.459475908E-02 0.000000000E+01-0.456190854E-01 0.000000000E+01 0.000000000E+01
 0.330483890E+01 0.330440068E+01 0.330397630E+01 0.330356574E+01 0.330316925E+01
 0.330278659E+01 0.330241776E+01 0.330206275E+01 0.330172181E+01 0.330139446E+01
 0.330108118E+01 0.330078173E+01 0.330049634E+01 0.330022478E+01 0.329996729E+01
 0.329972339E+01 0.329949331E+01 0.329927754E+01 0.329907560E+01 0.329888749E+01
 0.329871321E+01 0.329855299E+01 0.329840660E+01 0.329827428E+01 0.329815578E+01
 0.329805112E+01 0.329796076E+01 0.329788399E+01 0.329782128E+01 0.329777265E+01
 0.329773784E+01 0.329771686E+01 0.329770970E+01
 0.000000000E+01 0.000000000E+01 0.000000000E+01 0.000000000E+01 0.000000000E+01
 0.000000000E+01 0.000000000E+01 0.000000000E+01 0.000000000E+01 0.000000000E+01
 0.000000000E+01 0.000000000E+01 0.000000000E+01 0.000000000E+01 0.000000000E+01
 0.000000000E+01 0.000000000E+01 0.000000000E+01 0.000000000E+01 0.000000000E+01
 0.000000000E+01 0.000000000E+01 0.000000000E+01 0.000000000E+01 0.000000000E+01
 0.000000000E+01 0.000000000E+01 0.000000000E+01 0.000000000E+01 0.000000000E+01
 0.000000000E+01 0.000000000E+01 0.000000000E+01
-0.397758335E+00-0.385328412E+00-0.372898459E+00-0.360468507E+00-0.348038554E+00
-0.335608602E+00-0.323178649E+00-0.310748696E+00-0.298318744E+00-0.285888821E+00
-0.273458868E+00-0.261028916E+00-0.248598978E+00-0.236169025E+00-0.223739058E+00
-0.211309120E+00-0.198879167E+00-0.186449230E+00-0.174019277E+00-0.161589325E+00
-0.149159372E+00-0.136729434E+00-0.124299489E+00-0.111869529E+00-0.994395837E-01
-0.870096385E-01-0.745796859E-01-0.621497445E-01-0.497197919E-01-0.372898430E-01
-0.248598959E-01-0.124299480E-01 0.000000000E+01
-0.526706563E+06-0.510247000E+06-0.493787437E+06-0.477327844E+06-0.460868281E+06
-0.444408688E+06-0.427949094E+06-0.411489500E+06-0.395029938E+06-0.378570344E+06
-0.362110781E+06-0.345651188E+06-0.329191625E+06-0.312732031E+06-0.296272437E+06
-0.279812875E+06-0.263353281E+06-0.246893719E+06-0.230434141E+06-0.213974547E+06
-0.197514969E+06-0.181055391E+06-0.164595812E+06-0.148136219E+06-0.131676641E+06
-0.115217070E+06-0.987574844E+05-0.822979062E+05-0.658383203E+05-0.493787422E+05
-0.329191602E+05-0.164595801E+05 0.000000000E+01
-0.993322581E-01-0.105149806E+00-0.109377869E+00-0.112033226E+00-0.113151446E+00
-0.112782411E+00-0.110985518E+00-0.107825227E+00-0.103367135E+00-0.976748094E-01
-0.908074677E-01-0.828185230E-01-0.737546310E-01-0.636553913E-01-0.525535233E-01
-0.404750183E-01-0.274399817E-01-0.134628713E-01 0.144645572E-02 0.172824785E-01
 0.340430289E-01 0.517286435E-01 0.703419521E-01 0.898864120E-01 0.110365331E+00
 0.131779984E+00 0.154127479E+00 0.177397355E+00 0.201567277E+00 0.226596952E+00
 0.252419710E+00 0.278931558E+00 0.305976987E+00-0.737798884E-01-0.798879564E-01
-0.846591145E-01-0.880873054E-01-0.901803374E-01-0.909572616E-01-0.904455334E-01
-0.886781588E-01-0.856910795E-01-0.815210491E-01-0.762038678E-01-0.697732568E-01
-0.622601882E-01-0.536924899E-01-0.440949127E-01-0.334892273E-01-0.218945891E-01
-0.932791829E-02 0.419571996E-02 0.186625421E-01 0.340596288E-01 0.503742099E-01
 0.675930977E-01 0.857014507E-01 0.104681954E+00 0.124512792E+00 0.145165667E+00
 0.166603059E+00 0.188774392E+00 0.211611524E+00 0.235023081E+00 0.258887768E+00
 0.283047080E+00-0.528317168E-01-0.591301099E-01-0.643065646E-01-0.683388412E-01
-0.712150410E-01-0.729320273E-01-0.734935775E-01-0.729084834E-01-0.711888522E-01
-0.683488250E-01-0.644033700E-01-0.593678430E-01-0.532576218E-01-0.460881516E-01
-0.378749818E-01-0.286341608E-01-0.183822885E-01-0.713704526E-02 0.508287549E-02
 0.182573348E-01 0.323646069E-01 0.473808497E-01 0.632798076E-01 0.800320357E-01
 0.976040363E-01 0.115957007E+00 0.135045275E+00 0.154814258E+00 0.175198063E+00
 0.196116626E+00 0.217472464E+00 0.239147693E+00 0.261001289E+00-0.358256847E-01
-0.422730707E-01-0.477852449E-01-0.523281544E-01-0.558756255E-01-0.584079884E-01
-0.599107444E-01-0.603731945E-01-0.597874560E-01-0.581475645E-01-0.554491133E-01
-0.516894087E-01-0.468678474E-01-0.409865156E-01-0.340509191E-01-0.260702148E-01
-0.170576796E-01-0.703071058E-02 0.398923457E-02 0.159765482E-01 0.289017856E-01
 0.427315086E-01 0.574283600E-01 0.729508549E-01 0.892528445E-01 0.106283069E+00
 0.123983964E+00 0.142290994E+00 0.161130846E+00 0.180420220E+00 0.200064793E+00
 0.219957724E+00 0.239979997E+00-0.221912712E-01-0.287922584E-01-0.346224382E-01
-0.396399908E-01-0.438084900E-01-0.470958799E-01-0.494731925E-01-0.509134904E-01
-0.513909087E-01-0.508804098E-01-0.493577197E-01-0.468005165E-01-0.431902632E-01
-0.385139883E-01-0.327656940E-01-0.259469524E-01-0.180672854E-01-0.914394855E-02
 0.798612833E-03 0.117291510E-01 0.236102045E-01 0.363989323E-01 0.500475317E-01
 0.645035505E-01 0.797101706E-01 0.956060886E-01 0.112125292E+00 0.129196733E+00
 0.146743834E+00 0.164683998E+00 0.182928503E+00 0.201382577E+00 0.219946310E+00
-0.114355162E-01-0.182277635E-01-0.243968368E-01-0.298966318E-01-0.346841887E-01
-0.387185887E-01-0.419596359E-01-0.443665311E-01-0.458967909E-01-0.465055183E-01
-0.461454317E-01-0.447690189E-01-0.423348322E-01-0.388111398E-01-0.341783762E-01
-0.284304768E-01-0.215738714E-01-0.136269182E-01-0.461898744E-02 0.541092455E-02
 0.164155811E-01 0.283410996E-01 0.411281288E-01 0.547127873E-01 0.690277070E-01
 0.840022713E-01 0.995631516E-01 0.115634352E+00 0.132137224E+00 0.148990646E+00
 0.166111201E+00 0.183413744E+00 0.200812563E+00-0.312985480E-02-0.101721808E-01
-0.167275295E-01-0.227488875E-01-0.281904787E-01-0.330063775E-01-0.371487141E-01
-0.405659974E-01-0.432009772E-01-0.449883267E-01-0.458520055E-01-0.457001180E-01
-0.444584489E-01-0.420702919E-01-0.384991169E-01-0.337348431E-01-0.277830958E-01
-0.206663311E-01-0.124236345E-01-0.310611725E-02 0.722490251E-02 0.185007304E-01
 0.306474417E-01 0.435875207E-01 0.572415143E-01 0.715288371E-01 0.863686353E-01
 0.101679951E+00 0.117382199E+00 0.133395016E+00 0.149638906E+00 0.166035578E+00
 0.182508632E+00 0.310449302E-02-0.425721705E-02-0.112613961E-01-0.178637505E-01
-0.240198299E-01-0.296833217E-01-0.348040164E-01-0.393253118E-01-0.431813896E-01
-0.462938771E-01-0.485448986E-01-0.497660562E-01-0.498162732E-01-0.485895872E-01
-0.460300148E-01-0.421575457E-01-0.369734168E-01-0.305064768E-01-0.228186399E-01
-0.139798820E-01-0.407327712E-02 0.681133568E-02 0.185801238E-01 0.311380625E-01
 0.443909764E-01 0.582467616E-01 0.726161450E-01 0.874128789E-01 0.102554068E+00
 0.117959827E+00 0.133553490E+00 0.149261460E+00 0.165013701E+00 0.760967284E-02
-0.141486526E-03-0.766094029E-02-0.149110854E-01-0.218536481E-01-0.284477994E-01
-0.346477851E-01-0.403997973E-01-0.456380993E-01-0.502763316E-01-0.540900081E-01
-0.568615943E-01-0.583930612E-01-0.585179478E-01-0.571150482E-01-0.541216135E-01
-0.495396554E-01-0.434664786E-01-0.360617340E-01-0.273988247E-01-0.176018030E-01
-0.678966939E-02 0.491620600E-02 0.173976570E-01 0.305425674E-01 0.442456752E-01
 0.584089756E-01 0.729413182E-01 0.877580345E-01 0.102780148E+00 0.117933884E+00
 0.133150235E+00 0.148364440E+00 0.106997490E-01 0.249860436E-02-0.559416413E-02
-0.135520101E-01-0.213481411E-01-0.289539173E-01-0.363363847E-01-0.434555262E-01
-0.502599999E-01-0.565524474E-01-0.620656610E-01-0.665334910E-01-0.697025806E-01
-0.713459849E-01-0.712780952E-01-0.693701804E-01-0.655653775E-01-0.598941445E-01
-0.524828434E-01-0.435665250E-01-0.334753692E-01-0.223341882E-01-0.103083551E-01
 0.245398283E-02 0.158204883E-01 0.296730250E-01 0.439063013E-01 0.584265292E-01
 0.731496066E-01 0.879998058E-01 0.102908388E+00 0.117812142E+00 0.132652715E+00
 0.126644373E-01 0.397327542E-02-0.472962856E-02-0.134327635E-01-0.221257955E-01
-0.307985023E-01-0.394391343E-01-0.480327532E-01-0.564801395E-01-0.644983649E-01
-0.717854798E-01-0.780317038E-01-0.829326063E-01-0.862040073E-01-0.875987858E-01
-0.869246572E-01-0.840621591E-01-0.789817870E-01-0.717589855E-01-0.625858307E-01
-0.517772585E-01-0.397759378E-01-0.269607902E-01-0.135041475E-01 0.447601080E-03
 0.147684068E-01 0.293512195E-01 0.441049933E-01 0.589517057E-01 0.738235116E-01
 0.886604786E-01 0.103408724E+00 0.118019030E+00 0.137698576E-01 0.457958132E-02
-0.473712385E-02-0.141865164E-01-0.237782002E-01-0.335246697E-01-0.434401482E-01
-0.535387844E-01-0.636031926E-01-0.733241141E-01-0.823669285E-01-0.903822631E-01
-0.970191956E-01-0.101941213E+00-0.104844332E+00-0.105476648E+00-0.103658587E+00
-0.993026197E-01-0.924310684E-01-0.831905305E-01-0.718608051E-01-0.588566065E-01
-0.447176844E-01-0.301188379E-01-0.152022392E-01-0.961720943E-04 0.151005983E-01
 0.303098410E-01 0.454683900E-01 0.605237186E-01 0.754307657E-01 0.901497453E-01
 0.104644328E+00 0.142585933E-01 0.459802896E-02-0.529462844E-02-0.154443085E-01
-0.258825123E-01-0.366475582E-01-0.477848649E-01-0.592781752E-01-0.708389729E-01
-0.821378827E-01-0.928130299E-01-0.102481186E+00-0.110751256E+00-0.117241248E+00
-0.121597171E+00-0.123513937E+00-0.122757822E+00-0.119188279E+00-0.112778038E+00
-0.103630707E+00-0.919928551E-01-0.782596320E-01-0.629721880E-01-0.468072295E-01
-0.305511653E-01-0.143777281E-01 0.164955854E-02 0.174838007E-01 0.330899060E-01
 0.484404117E-01 0.635124147E-01 0.782855004E-01 0.927402079E-01 0.143478066E-01
 0.428575277E-02-0.609961152E-02-0.168506652E-01-0.280197561E-01-0.396708399E-01
-0.518815965E-01-0.645558983E-01-0.773902237E-01-0.900372267E-01-0.102112770E+00
-0.113206312E+00-0.122894466E+00-0.130758062E+00-0.136402100E+00-0.139477655E+00
-0.139705554E+00-0.136899993E+00-0.130991027E+00-0.122044101E+00-0.110274762E+00
-0.960567296E-01-0.799211562E-01-0.625456870E-01-0.447304547E-01-0.273270458E-01
-0.103574097E-01 0.617754459E-02 0.222838372E-01 0.379684568E-01 0.532369614E-01
 0.680924803E-01 0.825352669E-01 0.142234564E-01 0.386489928E-02-0.688718259E-02
-0.180889517E-01-0.298093408E-01-0.421324819E-01-0.551603287E-01-0.687287748E-01
-0.825278610E-01-0.961996019E-01-0.109344885E+00-0.121533945E+00-0.132320374E+00
-0.141258135E+00-0.147922069E+00-0.151930675E+00-0.152970538E+00-0.150821388E+00
-0.145379931E+00-0.136681154E+00-0.124914810E+00-0.110435426E+00-0.937634706E-01
-0.755772442E-01-0.566932410E-01-0.380379856E-01-0.201651752E-01-0.298717618E-02
 0.135604143E-01 0.295261741E-01 0.449469536E-01 0.598500669E-01 0.742554218E-01
 0.140297413E-01 0.350777805E-02-0.745102763E-02-0.189116448E-01-0.309535712E-01
-0.436734855E-01-0.571885705E-01-0.712932050E-01-0.856752545E-01-0.999716967E-01
-0.113775715E+00-0.126647323E+00-0.138126939E+00-0.147753090E+00-0.155082777E+00
-0.159714848E+00-0.161314845E+00-0.159640670E+00-0.154567450E+00-0.146109596E+00
-0.134438291E+00-0.119892627E+00-0.102981508E+00-0.843752921E-01-0.648846775E-01
-0.454254299E-01-0.269665420E-01-0.938782096E-02 0.740966201E-02 0.235038847E-01
 0.389550179E-01 0.538089126E-01 0.681000501E-01 0.138568133E-01 0.332242250E-02
-0.766126812E-02-0.191625357E-01-0.312644690E-01-0.440679193E-01-0.576948077E-01
-0.719313771E-01-0.864665359E-01-0.100937650E+00-0.114937306E+00-0.128024086E+00
-0.139735907E+00-0.149607688E+00-0.157191679E+00-0.162081063E+00-0.163934544E+00
-0.162502244E+00-0.157650992E+00-0.149386123E+00-0.137869805E+00-0.123432428E+00
-0.106574640E+00-0.879607201E-01-0.683984757E-01-0.488097072E-01-0.301894993E-01
-0.125637054E-01 0.419858098E-02 0.201941878E-01 0.354951769E-01 0.501559675E-01
 0.642176271E-01 0.137319639E-01 0.334396958E-02-0.747463107E-02-0.187894404E-01
-0.306798369E-01-0.432416797E-01-0.565907955E-01-0.705402345E-01-0.847832859E-01
-0.989626795E-01-0.112677530E+00-0.125493586E+00-0.136956811E+00-0.146610633E+00
-0.154015899E+00-0.158774093E+00-0.160551742E+00-0.159105688E+00-0.154308021E+00
-0.146167427E+00-0.134847030E+00-0.120675221E+00-0.104147986E+00-0.859210342E-01
-0.667902082E-01-0.476591587E-01-0.294923186E-01-0.122730434E-01 0.411030650E-02
 0.197418630E-01 0.346851349E-01 0.489881337E-01 0.626874268E-01 0.136197507E-01
 0.353395939E-02-0.693581998E-02-0.178465247E-01-0.292663425E-01-0.412771851E-01
-0.539778620E-01-0.672404468E-01-0.807655156E-01-0.942063183E-01-0.107175335E+00
-0.119254291E+00-0.130007312E+00-0.138997853E+00-0.145808220E+00-0.150061756E+00
-0.151446819E+00-0.149741009E+00-0.144834638E+00-0.136751607E+00-0.125665501E+00
-0.111909643E+00-0.959783793E-01-0.785189420E-01-0.603117198E-01-0.422403216E-01
-0.250363499E-01-0.861734152E-02 0.708153844E-02 0.221102685E-01 0.365071595E-01
 0.503011048E-01 0.635142326E-01 0.134328827E-01 0.378981978E-02-0.616922975E-02
-0.164866447E-01-0.272125155E-01-0.384064168E-01-0.501396805E-01-0.623667687E-01
-0.747999102E-01-0.871084928E-01-0.989253223E-01-0.109856278E+00-0.119493201E+00
-0.127430260E+00-0.133282810E+00-0.136708587E+00-0.137430400E+00-0.135258898E+00
-0.130114421E+00-0.122046053E+00-0.111245930E+00-0.980575234E-01-0.829753280E-01
-0.666348785E-01-0.497906357E-01-0.332830250E-01-0.173478276E-01-0.197672844E-02
 0.128383786E-01 0.271040946E-01 0.408247858E-01 0.540031046E-01 0.666400641E-01
 0.130503550E-01 0.396123528E-02-0.536230952E-02-0.149434954E-01-0.248093605E-01
-0.349909514E-01-0.455226898E-01-0.564396977E-01-0.674828589E-01-0.783450901E-01
-0.886861086E-01-0.981432795E-01-0.106344312E+00-0.112923428E+00-0.117538929E+00
-0.119893402E+00-0.119754657E+00-0.116976544E+00-0.111518696E+00-0.103463024E+00
-0.930261314E-01-0.805649608E-01-0.665750205E-01-0.516806990E-01-0.366078168E-01
-0.217333436E-01-0.713971257E-02 0.711391866E-02 0.209826231E-01 0.344305635E-01
 0.474277735E-01 0.599484146E-01 0.719702691E-01 0.123359859E-01 0.386968255E-02
-0.474303961E-02-0.135042444E-01-0.224173069E-01-0.314868316E-01-0.407181233E-01
-0.501173288E-01-0.595590472E-01-0.687572807E-01-0.774011463E-01-0.851642489E-01
-0.917166472E-01-0.967396498E-01-0.999425203E-01-0.101080760E+00-0.999750346E-01
-0.965297669E-01-0.907500535E-01-0.827556849E-01-0.727897733E-01-0.612227619E-01
-0.485430658E-01-0.353758186E-01-0.219858736E-01-0.853188336E-02 0.486199558E-02
 0.180963427E-01 0.310895592E-01 0.437729210E-01 0.560871363E-01 0.679806322E-01
 0.794080645E-01 0.111498237E-01 0.332400203E-02-0.455722213E-02-0.124745965E-01
-0.204087943E-01-0.283391625E-01-0.362416431E-01-0.440856218E-01-0.518289953E-01
-0.592589378E-01-0.660988987E-01-0.720637441E-01-0.768711120E-01-0.802549571E-01
-0.819810778E-01-0.818634927E-01-0.797809959E-01-0.756924152E-01-0.696514994E-01
-0.618189871E-01-0.524620712E-01-0.419750512E-01-0.307425708E-01-0.189518333E-01
-0.678540766E-02 0.559888780E-02 0.180653781E-01 0.304965377E-01 0.427895635E-01
 0.548532158E-01 0.666057020E-01 0.779730231E-01 0.888884366E-01 0.934734940E-02
 0.212544203E-02-0.505792350E-02-0.121647641E-01-0.191569924E-01-0.259944946E-01
-0.326324776E-01-0.390180126E-01-0.450855046E-01-0.507508591E-01-0.557903945E-01
-0.599652082E-01-0.630435795E-01-0.648153722E-01-0.651060939E-01-0.637917370E-01
-0.608125925E-01-0.561815202E-01-0.499953777E-01-0.424748957E-01-0.338469595E-01
-0.242600739E-01-0.138993114E-01-0.293453038E-02 0.847554207E-02 0.201843381E-01
 0.320573151E-01 0.439708084E-01 0.558104813E-01 0.674701184E-01 0.788503885E-01
 0.898579657E-01 0.100405350E+00 0.676662475E-02 0.625625253E-04-0.650301576E-02
-0.128780305E-01-0.190114826E-01-0.248512700E-01-0.303417593E-01-0.354203060E-01
-0.400136858E-01-0.440329909E-01-0.473669916E-01-0.498574823E-01-0.513198525E-01
-0.516001135E-01-0.505831689E-01-0.482075959E-01-0.444885492E-01-0.394889414E-01
-0.332515538E-01-0.258757919E-01-0.174872279E-01-0.821557641E-02 0.180132687E-02
 0.124247521E-01 0.235178471E-01 0.349471718E-01 0.465836823E-01 0.583026856E-01
 0.699835569E-01 0.815091133E-01 0.927651972E-01 0.103640616E+00 0.114026979E+00
 0.320742279E-02-0.310210884E-02-0.916211307E-02-0.149121806E-01-0.202948451E-01
-0.252536312E-01-0.297308192E-01-0.336652175E-01-0.369897336E-01-0.396288782E-01
-0.414969549E-01-0.424973071E-01-0.425306857E-01-0.415101349E-01-0.393711478E-01
-0.360793173E-01-0.316342264E-01-0.260636806E-01-0.194143355E-01-0.117560327E-01
-0.317703187E-02 0.622197986E-02 0.163312107E-01 0.270348787E-01 0.382135660E-01
 0.497456342E-01 0.615081340E-01 0.733769387E-01 0.852271467E-01 0.969325304E-01
 0.108365446E+00 0.119396865E+00 0.129896373E+00-0.159194320E-02-0.765030831E-02
-0.133311898E-01-0.185718536E-01-0.233145580E-01-0.275048912E-01-0.310899094E-01
-0.340166986E-01-0.362308621E-01-0.376757085E-01-0.382922590E-01-0.380205512E-01
-0.368037596E-01-0.345937014E-01-0.313560218E-01-0.270738602E-01-0.217500329E-01
-0.154062211E-01-0.808119774E-02 0.170052052E-03 0.927816331E-02 0.191618949E-01
 0.297301710E-01 0.408837199E-01 0.525164902E-01 0.645164698E-01 0.767662227E-01
 0.891428143E-01 0.101517692E+00 0.113756433E+00 0.125718340E+00 0.137256399E+00
 0.148217037E+00-0.797601789E-02-0.139267370E-01-0.193497315E-01-0.241858661E-01
-0.283828229E-01-0.318935588E-01-0.346748680E-01-0.366860405E-01-0.378879830E-01
-0.382427424E-01-0.377135053E-01-0.362658948E-01-0.338695198E-01-0.305006057E-01
-0.261445716E-01-0.207979232E-01-0.144696385E-01-0.718143582E-02 0.103238225E-02
 0.101254433E-01 0.200400204E-01 0.307079256E-01 0.420515388E-01 0.539841950E-01
 0.664108992E-01 0.792280436E-01 0.923235565E-01 0.105576173E+00 0.118854895E+00
 0.132018060E+00 0.144912735E+00 0.157373846E+00 0.169223905E+00-0.163891986E-01
-0.223546363E-01-0.276159607E-01-0.321234800E-01-0.358354785E-01-0.387170352E-01
-0.407385118E-01-0.418743342E-01-0.421021581E-01-0.414023101E-01-0.397575051E-01
-0.371533260E-01-0.335788801E-01-0.290279910E-01-0.235004202E-01-0.170028955E-01
-0.955007970E-02-0.116501749E-02 0.812058151E-02 0.182663053E-01 0.292230249E-01
 0.409329236E-01 0.533296317E-01 0.663378686E-01 0.798731446E-01 0.938409865E-01
 0.108136013E+00 0.122640595E+00 0.137223423E+00 0.151737928E+00 0.166020453E+00
 0.179889023E+00 0.193142235E+00-0.273850113E-01-0.334441625E-01-0.385955349E-01
-0.428040400E-01-0.460435487E-01-0.482954606E-01-0.495473668E-01-0.497916676E-01
-0.490245298E-01-0.472449288E-01-0.444540828E-01-0.406553373E-01-0.358541012E-01
-0.300583616E-01-0.232792199E-01-0.155313685E-01-0.683391094E-02 0.278924406E-02
 0.133089870E-01 0.246904194E-01 0.368925631E-01 0.498678535E-01 0.635614395E-01
 0.779104531E-01 0.928427726E-01 0.108275801E+00 0.124114215E+00 0.140248343E+00
 0.156551033E+00 0.172874987E+00 0.189050019E+00 0.204879731E+00 0.220139802E+00
-0.416235477E-01-0.477916934E-01-0.528222248E-01-0.566991530E-01-0.594161674E-01
-0.609753206E-01-0.613853633E-01-0.606600419E-01-0.588164180E-01-0.558737405E-01
-0.518521890E-01-0.467722490E-01-0.406544432E-01-0.335191712E-01-0.253869668E-01
-0.162788331E-01-0.621670484E-02 0.477594137E-02 0.166736692E-01 0.294482708E-01
 0.430682898E-01 0.574978739E-01 0.726961196E-01 0.886154473E-01 0.105200261E+00
 0.122384623E+00 0.140089720E+00 0.158220664E+00 0.176662475E+00 0.195275649E+00
 0.213890761E+00 0.232303545E+00 0.250269830E+00-0.598569252E-01-0.660702810E-01
-0.708915815E-01-0.743272081E-01-0.763952285E-01-0.771233067E-01-0.765462592E-01
-0.747035667E-01-0.716369599E-01-0.673884973E-01-0.619988404E-01-0.555062816E-01
-0.479460433E-01-0.393499732E-01-0.297467038E-01-0.191617832E-01-0.761832297E-02
 0.486258417E-02 0.182610527E-01 0.325577557E-01 0.477329940E-01 0.637656748E-01
 0.806324035E-01 0.983054936E-01 0.116751567E+00 0.135928750E+00 0.155783579E+00
 0.176246941E+00 0.197228730E+00 0.218611091E+00 0.240240783E+00 0.261919200E+00
 0.283392668E+00-0.829116404E-01-0.890190601E-01-0.934524834E-01-0.962448940E-01
-0.974449143E-01-0.971130580E-01-0.953173712E-01-0.921295062E-01-0.876211003E-01
-0.818608031E-01-0.749122202E-01-0.668324828E-01-0.576715134E-01-0.474716798E-01
-0.362681299E-01-0.240890309E-01-0.109564662E-01 0.311316550E-02 0.181080401E-01
 0.340203717E-01 0.508452877E-01 0.685799792E-01 0.872226879E-01 0.106771104E+00
 0.127220810E+00 0.148562923E+00 0.170780867E+00 0.193845749E+00 0.217710629E+00
 0.242302060E+00 0.267508805E+00 0.293167263E+00 0.319042742E+00
 0.127731776E+01 0.131001735E+01 0.133053541E+01 0.135721374E+01 0.138564444E+01
 0.141610253E+01 0.144861138E+01 0.148258936E+01 0.151834381E+01 0.155638218E+01
 0.159659529E+01 0.163923955E+01 0.168352783E+01 0.173075151E+01 0.178216100E+01
 0.183667517E+01 0.189544356E+01 0.195882213E+01 0.202750039E+01 0.210168028E+01
 0.218227744E+01 0.227089143E+01 0.236852479E+01 0.247745991E+01 0.259932256E+01
 0.273551702E+01 0.289411330E+01 0.307882214E+01 0.330112886E+01 0.357591200E+01
 0.395385647E+01 0.450502157E+01 0.707039356E+01
   77   60
 0.142447853E+01 0.000000000E+01 0.142730558E+01 0.750000030E-01 0.143450940E+01
 0.150000006E+00 0.144651306E+01 0.224999994E+00 0.146249998E+01 0.294647932E+00
 0.146382034E+01 0.300000012E+00 0.148639715E+01 0.375000000E+00 0.150625002E+01
 0.428034306E+00 0.151623094E+01 0.449999988E+00 0.154999995E+01 0.516473353E+00
 0.155592036E+01 0.524999976E+00 0.159375000E+01 0.579690278E+00 0.161762190E+01
 0.600000024E+00 0.163750005E+01 0.619354606E+00 0.168124998E+01 0.640814126E+00
 0.172500002E+01 0.646657109E+00 0.176874995E+01 0.642725229E+00 0.181250000E+01
 0.631646931E+00 0.185625005E+01 0.614565790E+00 0.188395870E+01 0.600000024E+00
 0.189999998E+01 0.593734980E+00 0.194375002E+01 0.571409941E+00 0.198749995E+01
 0.543558538E+00 0.201160288E+01 0.524999976E+00 0.203125000E+01 0.511905849E+00
 0.207500005E+01 0.476631224E+00 0.210257530E+01 0.449999988E+00 0.211875010E+01
 0.434892595E+00 0.216249990E+01 0.386337757E+00 0.217144084E+01 0.375000000E+00
 0.220624995E+01 0.326810420E+00 0.222316766E+01 0.300000012E+00 0.225000000E+01
 0.247406840E+00 0.226043797E+01 0.224999994E+00 0.228500581E+01 0.150000006E+00
 0.229375005E+01 0.100009903E+00 0.229810166E+01 0.750000030E-01 0.230069900E+01
 0.000000000E+01 0.229375005E+01-0.655429736E-01 0.229279041E+01-0.750000030E-01
 0.227542424E+01-0.150000006E+00 0.225000000E+01-0.217967480E+00 0.224724531E+01
-0.224999994E+00 0.220882034E+01-0.300000012E+00 0.220624995E+01-0.304292142E+00
 0.216249990E+01-0.370338887E+00 0.215898967E+01-0.375000000E+00 0.211875010E+01
-0.426116258E+00 0.209659958E+01-0.449999988E+00 0.207500005E+01-0.474280596E+00
 0.203125000E+01-0.515986860E+00 0.202003479E+01-0.524999976E+00 0.198749995E+01
-0.555284262E+00 0.194375002E+01-0.589108229E+00 0.192656386E+01-0.600000024E+00
 0.189999998E+01-0.622008264E+00 0.185625005E+01-0.651839256E+00 0.181450927E+01
-0.675000012E+00 0.181250000E+01-0.676771164E+00 0.176874995E+01-0.706492126E+00
 0.172500002E+01-0.730490446E+00 0.167930818E+01-0.753837943E+00 0.163361621E+01
-0.777185500E+00 0.161057866E+01-0.726092756E+00 0.158754110E+01-0.675000012E+00
 0.155201912E+01-0.600000024E+00 0.154999995E+01-0.596526325E+00 0.152165937E+01
-0.524999976E+00 0.150625002E+01-0.485729903E+00 0.149514854E+01-0.449999988E+00
 0.147294951E+01-0.375000000E+00 0.146249998E+01-0.333362907E+00 0.145490789E+01
-0.300000012E+00 0.144089711E+01-0.224999994E+00 0.143124139E+01-0.150000006E+00
 0.142580271E+01-0.750000030E-01 0.142447853E+01 0.000000000E+01
 0.135837996E+01 0.000000000E+01 0.135837996E+01 0.226999998E+00 0.135837996E+01
 0.453999996E+00 0.136313653E+01 0.455734700E+00 0.143710399E+01 0.798331976E+00
 0.143720961E+01 0.798820674E+00 0.144164455E+01 0.838194907E+00 0.142970145E+01
 0.908907712E+00 0.139168608E+01 0.101425767E+01 0.139151370E+01 0.101472795E+01
 0.137929356E+01 0.104859054E+01 0.139900005E+01 0.103946436E+01 0.143622923E+01
 0.102560294E+01 0.145919013E+01 0.102095366E+01 0.147790599E+01 0.102513719E+01
 0.154494226E+01 0.105453885E+01 0.161204100E+01 0.108394039E+01 0.163506126E+01
 0.109586191E+01 0.166053700E+01 0.111399746E+01 0.166518998E+01 0.111764538E+01
 0.169550002E+01 0.114183235E+01 0.170668459E+01 0.116210854E+01 0.171388280E+01
 0.113092876E+01 0.171399534E+01 0.113044155E+01 0.173649001E+01 0.103300440E+01
 0.176323521E+01 0.969832420E+00 0.180198956E+01 0.925669789E+00 0.180237138E+01
 0.925346911E+00 0.193972015E+01 0.809222817E+00 0.197062600E+01 0.783388972E+00
 0.207495403E+01 0.688380003E+00 0.217710304E+01 0.589039981E+00 0.227925301E+01
 0.489699990E+00 0.234999990E+01 0.490000010E+00 0.234999990E+01 0.000000000E+01
 0.234999990E+01-0.490000010E+00 0.227925301E+01-0.489699990E+00 0.217710304E+01
-0.589039981E+00 0.207495403E+01-0.688380003E+00 0.197280395E+01-0.787720025E+00
 0.197062600E+01-0.783388972E+00 0.192058694E+01-0.832374990E+00 0.187054896E+01
-0.881361008E+00 0.182051003E+01-0.930347025E+00 0.179280806E+01-0.105034196E+01
 0.176510596E+01-0.117033601E+01 0.175420904E+01-0.113916898E+01 0.167781997E+01
-0.103465295E+01 0.160143101E+01-0.930137992E+00 0.148425806E+01-0.953379989E+00
 0.136708605E+01-0.976621985E+00 0.133132303E+01-0.101071596E+01 0.137873602E+01
-0.879326999E+00 0.142614901E+01-0.747938991E+00 0.140527701E+01-0.650619984E+00
 0.138440394E+01-0.553300023E+00 0.136353099E+01-0.455980986E+00 0.135837996E+01
-0.453999996E+00 0.135837996E+01-0.226999998E+00 0.135837996E+01 0.000000000E+01
    0 0.170000000E+01    0
 0.000000000E+01 0.133939236E+00 0.191311836E+00 0.235860303E+00 0.274051428E+00
 0.308226317E+00 0.339566618E+00 0.368992299E+00 0.396889627E+00 0.423519134E+00
 0.449208796E+00 0.474150628E+00 0.496037930E+00 0.520089328E+00 0.543614388E+00
 0.566891372E+00 0.590068161E+00 0.612982154E+00 0.635824323E+00 0.658686161E+00
 0.681507647E+00 0.704532862E+00 0.727685809E+00 0.751196086E+00 0.775077462E+00
 0.799229205E+00 0.824084938E+00 0.849620342E+00 0.876153350E+00 0.903677523E+00
 0.933182478E+00 0.964561522E+00 0.100000000E+01
    0
   33   3348604 5001
 0.120000005E+01 0.259999991E+01-0.120000005E+01 0.120000005E+01
-0.381072781E+06-0.847348203E+05-0.777941750E+06 0.150591775E+07-0.652785000E+06
 0.150262078E+06-0.346920781E+06-0.309024781E+06-0.541218563E+06 0.152549312E+07
-0.483537750E+06-0.769639453E+05
 0.000000000E+01
 0.000000000E+01 0.000000000E+01 0.000000000E+01 0.000000000E+01 0.000000000E+01
 0.000000000E+01 0.000000000E+01 0.000000000E+01 0.000000000E+01 0.000000000E+01
 0.000000000E+01 0.000000000E+01 0.000000000E+01 0.000000000E+01 0.000000000E+01
 0.000000000E+01 0.000000000E+01 0.000000000E+01 0.000000000E+01 0.000000000E+01
 0.000000000E+01 0.000000000E+01 0.000000000E+01 0.000000000E+01 0.000000000E+01
 0.000000000E+01 0.000000000E+01 0.000000000E+01 0.000000000E+01 0.000000000E+01
 0.000000000E+01 0.000000000E+01 0.000000000E+01 0.000000000E+01 0.000000000E+01
 0.000000000E+01 0.000000000E+01 0.000000000E+01 0.000000000E+01 0.000000000E+01
 0.000000000E+01 0.000000000E+01 0.000000000E+01 0.000000000E+01 0.000000000E+01
 0.000000000E+01 0.000000000E+01 0.000000000E+01 0.000000000E+01 0.000000000E+01
 0.000000000E+01 0.000000000E+01 0.000000000E+01 0.000000000E+01 0.000000000E+01
 0.000000000E+01 0.000000000E+01 0.000000000E+01 0.000000000E+01 0.000000000E+01
 0.000000000E+01 0.000000000E+01 0.000000000E+01 0.000000000E+01 0.000000000E+01
 0.000000000E+01 0.000000000E+01 0.000000000E+01 0.000000000E+01 0.000000000E+01
 0.000000000E+01 0.000000000E+01 0.000000000E+01 0.000000000E+01 0.000000000E+01
 0.000000000E+01 0.000000000E+01 0.000000000E+01 0.000000000E+01 0.000000000E+01
 0.000000000E+01 0.000000000E+01 0.000000000E+01 0.000000000E+01 0.000000000E+01
 0.000000000E+01 0.000000000E+01 0.000000000E+01 0.000000000E+01 0.000000000E+01
 0.000000000E+01 0.000000000E+01 0.000000000E+01 0.000000000E+01 0.000000000E+01
 0.000000000E+01 0.000000000E+01 0.000000000E+01 0.000000000E+01 0.000000000E+01
 0.000000000E+01 0.000000000E+01 0.000000000E+01 0.000000000E+01 0.000000000E+01
 0.000000000E+01 0.000000000E+01 0.000000000E+01 0.000000000E+01 0.000000000E+01
 0.000000000E+01 0.000000000E+01 0.000000000E+01 0.000000000E+01 0.000000000E+01
 0.000000000E+01 0.000000000E+01 0.000000000E+01 0.000000000E+01 0.000000000E+01
 0.000000000E+01 0.000000000E+01 0.000000000E+01 0.000000000E+01 0.000000000E+01
 0.000000000E+01 0.000000000E+01 0.000000000E+01 0.000000000E+01 0.000000000E+01
 0.000000000E+01 0.000000000E+01 0.000000000E+01 0.000000000E+01 0.000000000E+01
 0.000000000E+01 0.000000000E+01 0.000000000E+01 0.000000000E+01 0.000000000E+01
 0.000000000E+01 0.000000000E+01 0.000000000E+01 0.000000000E+01 0.000000000E+01
 0.000000000E+01 0.000000000E+01 0.000000000E+01 0.000000000E+01 0.000000000E+01
 0.000000000E+01 0.000000000E+01 0.000000000E+01 0.000000000E+01 0.000000000E+01
 0.000000000E+01 0.000000000E+01 0.000000000E+01 0.000000000E+01 0.000000000E+01
 0.000000000E+01 0.000000000E+01 0.000000000E+01 0.000000000E+01 0.000000000E+01
 0.000000000E+01 0.000000000E+01 0.000000000E+01 0.000000000E+01 0.000000000E+01
 0.000000000E+01 0.000000000E+01 0.000000000E+01 0.000000000E+01 0.000000000E+01
 0.000000000E+01 0.000000000E+01 0.000000000E+01 0.000000000E+01 0.000000000E+01
 0.000000000E+01 0.000000000E+01 0.000000000E+01 0.000000000E+01 0.000000000E+01
 0.000000000E+01 0.000000000E+01 0.000000000E+01 0.000000000E+01 0.000000000E+01
 0.000000000E+01 0.000000000E+01 0.000000000E+01 0.000000000E+01 0.000000000E+01
 0.000000000E+01 0.000000000E+01 0.000000000E+01 0.000000000E+01 0.000000000E+01
 0.000000000E+01 0.000000000E+01 0.000000000E+01 0.000000000E+01 0.000000000E+01
 0.000000000E+01 0.000000000E+01 0.000000000E+01 0.000000000E+01 0.000000000E+01
 0.000000000E+01 0.000000000E+01 0.000000000E+01 0.000000000E+01 0.000000000E+01
 0.000000000E+01 0.000000000E+01 0.000000000E+01 0.000000000E+01 0.000000000E+01
 0.000000000E+01 0.000000000E+01 0.000000000E+01 0.000000000E+01 0.000000000E+01
 0.000000000E+01 0.000000000E+01 0.000000000E+01 0.000000000E+01 0.000000000E+01
 0.000000000E+01 0.000000000E+01 0.000000000E+01 0.000000000E+01 0.000000000E+01
 0.000000000E+01 0.000000000E+01 0.000000000E+01 0.000000000E+01 0.000000000E+01
 0.000000000E+01 0.000000000E+01 0.000000000E+01 0.000000000E+01 0.000000000E+01
 0.000000000E+01 0.000000000E+01 0.000000000E+01 0.000000000E+01 0.000000000E+01
 0.000000000E+01 0.000000000E+01 0.000000000E+01 0.000000000E+01 0.000000000E+01
 0.000000000E+01 0.000000000E+01 0.000000000E+01 0.000000000E+01 0.000000000E+01
 0.000000000E+01 0.000000000E+01 0.000000000E+01 0.000000000E+01 0.000000000E+01
 0.000000000E+01 0.000000000E+01 0.000000000E+01 0.000000000E+01 0.000000000E+01
 0.000000000E+01 0.000000000E+01 0.000000000E+01 0.000000000E+01 0.000000000E+01
 0.000000000E+01 0.000000000E+01 0.000000000E+01 0.000000000E+01 0.000000000E+01
 0.000000000E+01 0.000000000E+01 0.000000000E+01 0.000000000E+01 0.000000000E+01
 0.000000000E+01 0.000000000E+01 0.000000000E+01 0.000000000E+01 0.000000000E+01
 0.000000000E+01 0.000000000E+01 0.000000000E+01 0.000000000E+01 0.000000000E+01
 0.000000000E+01 0.000000000E+01 0.000000000E+01 0.000000000E+01 0.000000000E+01
 0.000000000E+01 0.000000000E+01 0.000000000E+01 0.000000000E+01 0.000000000E+01
 0.000000000E+01 0.000000000E+01 0.000000000E+01 0.000000000E+01 0.000000000E+01
 0.000000000E+01 0.000000000E+01 0.000000000E+01 0.000000000E+01 0.000000000E+01
 0.000000000E+01 0.000000000E+01 0.000000000E+01 0.000000000E+01 0.000000000E+01
 0.000000000E+01 0.000000000E+01 0.000000000E+01 0.000000000E+01 0.000000000E+01
 0.000000000E+01 0.000000000E+01 0.000000000E+01 0.000000000E+01 0.000000000E+01
 0.000000000E+01 0.000000000E+01 0.000000000E+01 0.000000000E+01 0.000000000E+01
 0.000000000E+01 0.000000000E+01 0.000000000E+01 0.000000000E+01 0.000000000E+01
 0.000000000E+01 0.000000000E+01 0.000000000E+01 0.000000000E+01 0.000000000E+01
 0.000000000E+01 0.000000000E+01 0.000000000E+01 0.000000000E+01 0.000000000E+01
 0.000000000E+01 0.000000000E+01 0.000000000E+01 0.000000000E+01 0.000000000E+01
 0.000000000E+01 0.000000000E+01 0.000000000E+01 0.000000000E+01 0.000000000E+01
 0.000000000E+01 0.000000000E+01 0.000000000E+01 0.000000000E+01 0.000000000E+01
 0.000000000E+01 0.000000000E+01 0.000000000E+01 0.000000000E+01 0.000000000E+01
 0.000000000E+01 0.000000000E+01 0.000000000E+01 0.000000000E+01 0.000000000E+01
 0.000000000E+01 0.000000000E+01 0.000000000E+01 0.000000000E+01 0.000000000E+01
 0.000000000E+01 0.000000000E+01 0.000000000E+01 0.000000000E+01 0.000000000E+01
 0.000000000E+01 0.000000000E+01 0.000000000E+01 0.000000000E+01 0.000000000E+01
 0.000000000E+01 0.000000000E+01 0.000000000E+01 0.000000000E+01 0.000000000E+01
 0.000000000E+01 0.000000000E+01 0.000000000E+01 0.000000000E+01 0.000000000E+01
 0.000000000E+01 0.000000000E+01 0.000000000E+01 0.000000000E+01 0.000000000E+01
 0.000000000E+01 0.000000000E+01 0.000000000E+01 0.000000000E+01 0.000000000E+01
 0.000000000E+01 0.000000000E+01 0.000000000E+01 0.000000000E+01 0.000000000E+01
 0.000000000E+01 0.000000000E+01 0.000000000E+01 0.000000000E+01 0.000000000E+01
 0.000000000E+01 0.000000000E+01 0.000000000E+01 0.000000000E+01 0.000000000E+01
 0.000000000E+01 0.000000000E+01 0.000000000E+01 0.000000000E+01 0.000000000E+01
 0.000000000E+01 0.000000000E+01 0.000000000E+01 0.000000000E+01 0.000000000E+01
 0.000000000E+01 0.000000000E+01 0.000000000E+01 0.000000000E+01 0.000000000E+01
 0.000000000E+01 0.000000000E+01 0.000000000E+01 0.000000000E+01 0.000000000E+01
 0.000000000E+01 0.000000000E+01 0.000000000E+01 0.000000000E+01 0.000000000E+01
 0.000000000E+01 0.000000000E+01 0.000000000E+01 0.000000000E+01 0.000000000E+01
 0.000000000E+01 0.000000000E+01 0.000000000E+01 0.000000000E+01 0.000000000E+01
 0.000000000E+01 0.000000000E+01 0.000000000E+01 0.000000000E+01 0.000000000E+01
 0.000000000E+01 0.000000000E+01 0.000000000E+01 0.000000000E+01 0.000000000E+01
 0.000000000E+01 0.000000000E+01 0.000000000E+01 0.000000000E+01 0.000000000E+01
 0.000000000E+01 0.000000000E+01 0.000000000E+01 0.000000000E+01 0.000000000E+01
 0.000000000E+01 0.000000000E+01 0.000000000E+01 0.000000000E+01 0.000000000E+01
 0.000000000E+01 0.000000000E+01 0.000000000E+01 0.000000000E+01 0.000000000E+01
 0.000000000E+01 0.000000000E+01 0.000000000E+01 0.000000000E+01 0.000000000E+01
 0.000000000E+01 0.000000000E+01 0.000000000E+01 0.000000000E+01 0.000000000E+01
 0.000000000E+01 0.000000000E+01 0.000000000E+01 0.000000000E+01 0.000000000E+01
 0.000000000E+01 0.000000000E+01 0.000000000E+01 0.000000000E+01 0.000000000E+01
 0.000000000E+01 0.000000000E+01 0.000000000E+01 0.000000000E+01 0.000000000E+01
 0.000000000E+01 0.000000000E+01 0.000000000E+01 0.000000000E+01 0.000000000E+01
 0.000000000E+01 0.000000000E+01 0.000000000E+01 0.000000000E+01 0.000000000E+01
 0.000000000E+01 0.000000000E+01 0.000000000E+01 0.000000000E+01 0.000000000E+01
 0.000000000E+01 0.000000000E+01 0.000000000E+01 0.000000000E+01 0.000000000E+01
 0.000000000E+01 0.000000000E+01 0.000000000E+01 0.000000000E+01 0.000000000E+01
 0.000000000E+01 0.000000000E+01 0.000000000E+01 0.000000000E+01 0.000000000E+01
 0.000000000E+01 0.000000000E+01 0.000000000E+01 0.000000000E+01 0.000000000E+01
 0.000000000E+01 0.000000000E+01 0.000000000E+01 0.000000000E+01 0.000000000E+01
 0.000000000E+01 0.000000000E+01 0.000000000E+01 0.000000000E+01 0.000000000E+01
 0.000000000E+01 0.000000000E+01 0.000000000E+01 0.000000000E+01 0.000000000E+01
 0.000000000E+01 0.000000000E+01 0.000000000E+01 0.000000000E+01 0.000000000E+01
 0.000000000E+01 0.000000000E+01 0.000000000E+01 0.000000000E+01 0.000000000E+01
 0.000000000E+01 0.000000000E+01 0.000000000E+01 0.000000000E+01 0.000000000E+01
 0.000000000E+01 0.000000000E+01 0.000000000E+01 0.000000000E+01 0.000000000E+01
 0.000000000E+01 0.000000000E+01 0.000000000E+01 0.000000000E+01 0.000000000E+01
 0.000000000E+01 0.000000000E+01 0.000000000E+01 0.000000000E+01 0.000000000E+01
 0.000000000E+01 0.000000000E+01 0.000000000E+01 0.000000000E+01 0.000000000E+01
 0.000000000E+01 0.000000000E+01 0.000000000E+01 0.000000000E+01 0.000000000E+01
 0.000000000E+01 0.000000000E+01 0.000000000E+01 0.000000000E+01 0.000000000E+01
 0.000000000E+01 0.000000000E+01 0.000000000E+01 0.000000000E+01 0.000000000E+01
 0.000000000E+01 0.000000000E+01 0.000000000E+01 0.000000000E+01 0.000000000E+01
 0.000000000E+01 0.000000000E+01 0.000000000E+01 0.000000000E+01 0.000000000E+01
 0.000000000E+01 0.000000000E+01 0.000000000E+01 0.000000000E+01 0.000000000E+01
 0.000000000E+01 0.000000000E+01 0.000000000E+01 0.000000000E+01 0.000000000E+01
 0.000000000E+01 0.000000000E+01 0.000000000E+01 0.000000000E+01 0.000000000E+01
 0.000000000E+01 0.000000000E+01 0.000000000E+01 0.000000000E+01 0.000000000E+01
 0.000000000E+01 0.000000000E+01 0.000000000E+01 0.000000000E+01 0.000000000E+01
 0.000000000E+01 0.000000000E+01 0.000000000E+01 0.000000000E+01 0.000000000E+01
 0.000000000E+01 0.000000000E+01 0.000000000E+01 0.000000000E+01 0.000000000E+01
 0.000000000E+01 0.000000000E+01 0.000000000E+01 0.000000000E+01 0.000000000E+01
 0.000000000E+01 0.000000000E+01 0.000000000E+01 0.000000000E+01 0.000000000E+01
 0.000000000E+01 0.000000000E+01 0.000000000E+01 0.000000000E+01 0.000000000E+01
 0.000000000E+01 0.000000000E+01 0.000000000E+01 0.000000000E+01 0.000000000E+01
 0.000000000E+01 0.000000000E+01 0.000000000E+01 0.000000000E+01 0.000000000E+01
 0.000000000E+01 0.000000000E+01 0.000000000E+01 0.000000000E+01 0.000000000E+01
 0.000000000E+01 0.000000000E+01 0.000000000E+01 0.000000000E+01 0.000000000E+01
 0.000000000E+01 0.000000000E+01 0.000000000E+01 0.000000000E+01 0.000000000E+01
 0.000000000E+01 0.000000000E+01 0.000000000E+01 0.000000000E+01 0.000000000E+01
 0.000000000E+01 0.000000000E+01 0.000000000E+01 0.000000000E+01 0.000000000E+01
 0.000000000E+01 0.000000000E+01 0.000000000E+01 0.000000000E+01 0.000000000E+01
 0.000000000E+01 0.000000000E+01 0.000000000E+01 0.000000000E+01 0.000000000E+01
 0.000000000E+01 0.000000000E+01 0.000000000E+01 0.000000000E+01 0.000000000E+01
 0.000000000E+01 0.000000000E+01 0.000000000E+01 0.000000000E+01 0.000000000E+01
 0.000000000E+01 0.000000000E+01 0.000000000E+01 0.000000000E+01 0.000000000E+01
 0.000000000E+01 0.000000000E+01 0.000000000E+01 0.000000000E+01 0.000000000E+01
 0.000000000E+01 0.000000000E+01 0.000000000E+01 0.000000000E+01 0.000000000E+01
 0.000000000E+01 0.000000000E+01 0.000000000E+01 0.000000000E+01 0.000000000E+01
 0.000000000E+01 0.000000000E+01 0.000000000E+01 0.000000000E+01 0.000000000E+01
 0.000000000E+01 0.000000000E+01 0.000000000E+01 0.000000000E+01 0.000000000E+01
 0.000000000E+01 0.000000000E+01 0.000000000E+01 0.000000000E+01 0.000000000E+01
 0.000000000E+01 0.000000000E+01 0.000000000E+01 0.000000000E+01 0.000000000E+01
 0.000000000E+01 0.000000000E+01 0.000000000E+01 0.000000000E+01 0.000000000E+01
 0.000000000E+01 0.000000000E+01 0.000000000E+01 0.000000000E+01 0.000000000E+01
 0.000000000E+01 0.000000000E+01 0.000000000E+01 0.000000000E+01 0.000000000E+01
 0.000000000E+01 0.000000000E+01 0.000000000E+01 0.000000000E+01 0.000000000E+01
 0.000000000E+01 0.000000000E+01 0.000000000E+01 0.000000000E+01 0.000000000E+01
 0.000000000E+01 0.000000000E+01 0.000000000E+01 0.000000000E+01 0.000000000E+01
 0.000000000E+01 0.000000000E+01 0.000000000E+01 0.000000000E+01 0.000000000E+01
 0.000000000E+01 0.000000000E+01 0.000000000E+01 0.000000000E+01 0.000000000E+01
 0.000000000E+01 0.000000000E+01 0.000000000E+01 0.000000000E+01 0.000000000E+01
 0.000000000E+01 0.000000000E+01 0.000000000E+01 0.000000000E+01 0.000000000E+01
 0.000000000E+01 0.000000000E+01 0.000000000E+01 0.000000000E+01 0.000000000E+01
 0.000000000E+01 0.000000000E+01 0.000000000E+01 0.000000000E+01 0.000000000E+01
 0.000000000E+01 0.000000000E+01 0.000000000E+01 0.000000000E+01 0.000000000E+01
 0.000000000E+01 0.000000000E+01 0.000000000E+01 0.000000000E+01 0.000000000E+01
 0.000000000E+01 0.000000000E+01 0.000000000E+01 0.000000000E+01 0.000000000E+01
 0.000000000E+01 0.000000000E+01 0.000000000E+01 0.000000000E+01 0.000000000E+01
 0.000000000E+01 0.000000000E+01 0.000000000E+01 0.000000000E+01 0.000000000E+01
 0.000000000E+01 0.000000000E+01 0.000000000E+01 0.000000000E+01 0.000000000E+01
 0.000000000E+01 0.000000000E+01 0.000000000E+01 0.000000000E+01 0.000000000E+01
 0.000000000E+01 0.000000000E+01 0.000000000E+01 0.000000000E+01 0.000000000E+01
 0.000000000E+01 0.000000000E+01 0.000000000E+01 0.000000000E+01 0.000000000E+01
 0.000000000E+01 0.000000000E+01 0.000000000E+01 0.000000000E+01 0.000000000E+01
 0.000000000E+01 0.000000000E+01 0.000000000E+01 0.000000000E+01 0.000000000E+01
 0.000000000E+01 0.000000000E+01 0.000000000E+01 0.000000000E+01 0.000000000E+01
 0.000000000E+01 0.000000000E+01 0.000000000E+01 0.000000000E+01 0.000000000E+01
 0.000000000E+01 0.000000000E+01 0.000000000E+01 0.000000000E+01 0.000000000E+01
 0.000000000E+01 0.000000000E+01 0.000000000E+01 0.000000000E+01 0.000000000E+01
 0.000000000E+01 0.000000000E+01 0.000000000E+01 0.000000000E+01 0.000000000E+01
 0.000000000E+01 0.000000000E+01 0.000000000E+01 0.000000000E+01 0.000000000E+01
 0.000000000E+01 0.000000000E+01 0.000000000E+01 0.000000000E+01 0.000000000E+01
 0.000000000E+01 0.000000000E+01 0.000000000E+01 0.000000000E+01 0.000000000E+01
 0.000000000E+01 0.000000000E+01 0.000000000E+01 0.000000000E+01 0.000000000E+01
 0.000000000E+01 0.000000000E+01 0.000000000E+01 0.000000000E+01 0.000000000E+01
 0.000000000E+01 0.000000000E+01 0.000000000E+01 0.000000000E+01 0.000000000E+01
 0.000000000E+01 0.000000000E+01 0.000000000E+01 0.000000000E+01 0.000000000E+01
 0.000000000E+01 0.000000000E+01 0.000000000E+01 0.000000000E+01 0.000000000E+01
 0.000000000E+01 0.000000000E+01 0.000000000E+01 0.000000000E+01 0.000000000E+01
 0.000000000E+01 0.000000000E+01 0.000000000E+01 0.000000000E+01 0.000000000E+01
 0.000000000E+01 0.000000000E+01 0.000000000E+01 0.000000000E+01 0.000000000E+01
 0.000000000E+01 0.000000000E+01 0.000000000E+01 0.000000000E+01 0.000000000E+01
 0.000000000E+01 0.000000000E+01 0.000000000E+01 0.000000000E+01 0.000000000E+01
 0.000000000E+01 0.000000000E+01 0.000000000E+01 0.000000000E+01 0.000000000E+01
 0.000000000E+01 0.000000000E+01 0.000000000E+01 0.000000000E+01 0.000000000E+01
 0.000000000E+01 0.000000000E+01 0.000000000E+01 0.000000000E+01 0.000000000E+01
 0.000000000E+01 0.000000000E+01 0.000000000E+01 0.000000000E+01 0.000000000E+01
 0.000000000E+01 0.000000000E+01 0.000000000E+01 0.000000000E+01 0.000000000E+01
 0.000000000E+01 0.000000000E+01 0.000000000E+01 0.000000000E+01 0.000000000E+01
 0.000000000E+01 0.000000000E+01 0.000000000E+01 0.000000000E+01 0.000000000E+01
 0.000000000E+01 0.000000000E+01 0.000000000E+01 0.000000000E+01 0.000000000E+01
 0.000000000E+01 0.000000000E+01 0.000000000E+01 0.000000000E+01 0.000000000E+01
 0.000000000E+01 0.000000000E+01 0.000000000E+01 0.000000000E+01 0.000000000E+01
 0.000000000E+01 0.000000000E+01 0.000000000E+01 0.000000000E+01 0.000000000E+01
 0.000000000E+01 0.000000000E+01 0.000000000E+01 0.000000000E+01 0.000000000E+01
 0.000000000E+01 0.000000000E+01 0.000000000E+01 0.000000000E+01 0.000000000E+01
 0.000000000E+01 0.000000000E+01 0.000000000E+01 0.000000000E+01 0.000000000E+01
 0.000000000E+01 0.000000000E+01 0.000000000E+01 0.000000000E+01 0.000000000E+01
 0.000000000E+01 0.000000000E+01 0.000000000E+01 0.000000000E+01 0.000000000E+01
 0.000000000E+01 0.000000000E+01 0.000000000E+01 0.000000000E+01 0.000000000E+01
 0.000000000E+01 0.000000000E+01 0.000000000E+01 0.000000000E+01 0.000000000E+01
 0.000000000E+01 0.000000000E+01 0.000000000E+01 0.000000000E+01 0.000000000E+01
 0.000000000E+01 0.000000000E+01 0.000000000E+01 0.000000000E+01 0.000000000E+01
 0.000000000E+01 0.000000000E+01 0.000000000E+01 0.000000000E+01 0.000000000E+01
 0.000000000E+01 0.000000000E+01 0.000000000E+01 0.000000000E+01 0.000000000E+01
 0.000000000E+01 0.000000000E+01 0.000000000E+01 0.000000000E+01
&OUT1
